1 1 +0
32 32 +0
1024 1024 +0
32768 32768 +0
3 1 +0
33 1 +0
1025 1 +0
32769 1 +0
33 32 +0
96 32 +0
1056 32 +0
32800 32 +0
1025 1024 +0
1056 1024 +0
3072 1024 +0
33792 1024 +0
32769 32768 +0
32800 32768 +0
33792 32768 +0
98304 32768 +0
7 5 +0
35 33 +0
1027 1025 +0
32771 32769 +0
35 3 +0
97 65 -1
1057 1025 +0
32801 32769 +0
1027 3 +0
1057 33 +0
3073 2049 +0
33793 32769 +0
32771 3 +0
32801 33 +0
33793 1025 +0
98305 65537 +0
35 34 +0
97 96 -1
1057 1056 -1
32801 32800 +0
97 33 +0
224 160 +0
1120 1056 +0
32864 32800 +0
1057 33 +0
1120 96 +0
3104 2080 +0
33824 32800 +0
32801 33 +0
32864 96 -1
33824 1056 -1
98336 65568 +0
1027 1026 +0
1057 1056 -1
3073 3072 -1
33793 33792 +0
1057 1025 +0
1120 1088 +0
3104 3072 +0
33824 33792 +0
3073 1025 +0
3104 1056 +0
7168 5120 +0
35840 33792 +0
33793 1025 +0
33824 1056 -1
35840 3072 -1
99328 66560 +0
32771 32770 +0
32801 32800 +0
33793 33792 +0
98305 98304 +0
32801 32769 +0
32864 32832 +0
33824 33792 +0
98336 98304 +0
33793 32769 +0
33824 32800 +0
35840 34816 -1
99328 98304 +0
98305 32769 +0
98336 32800 +0
99328 33792 +0
229376 163840 +0
39 33 +0
99 33 +0
1059 33 +0
32803 33 +0
1031 1025 +0
1059 1025 +0
3075 1025 +0
33795 1025 +0
32775 32769 +0
32803 32769 +0
33795 32769 +0
98307 32769 +0
39 3 +0
99 3 +0
1059 3 +0
32803 3 +0
99 65 +0
225 65 -1
1121 65 +0
32865 65 +0
1059 1025 +0
1121 1025 +0
3105 1025 +0
32803 32769 +0
32865 32769 +0
1031 3 +0
1059 3 +0
3075 3 +0
33795 3 +0
1059 33 +0
1121 33 +0
3105 33 +0
3075 2049 +0
3105 2049 +0
7169 2049 +0
35841 2049 +0
33795 32769 +0
32775 3 +0
32803 3 +0
33795 3 +0
98307 3 +0
32803 33 +0
32865 33 +0
33795 1025 +0
98307 65537 +0
98337 65537 +0
99329 65537 +0
229377 65537 +0
39 34 +0
99 34 +0
1059 34 +0
32803 34 +0
99 96 +0
225 96 -1
1121 96 +0
32865 96 +0
1059 1056 +0
1121 1056 +0
3105 1056 +0
32803 32800 +0
32865 32800 +0
99 33 +0
225 33 +0
1121 33 +0
32865 33 +0
225 160 +0
1121 1056 +0
1248 1056 +0
3168 1056 +0
33888 1056 +0
32865 32800 +0
32992 32800 +0
33888 32800 +0
98400 32800 +0
1059 33 +0
1121 33 +0
3105 33 +0
1121 96 +0
1248 96 +0
3168 96 +0
33888 96 +0
3105 2080 +0
3168 2080 +0
7200 2080 +0
35872 2080 +0
32803 33 +0
32865 33 +0
32865 96 +0
32992 96 -1
33888 96 +0
98400 96 +0
98337 65568 +0
98400 65568 +0
99360 65568 +0
229408 65568 +0
1031 1026 +0
1059 1026 +0
3075 1026 +0
33795 1026 +0
1059 1056 +0
1121 1056 +0
3105 1056 +0
3075 3072 +0
3105 3072 +0
7169 3072 -1
35841 3072 +0
33795 33792 +0
1059 1025 +0
1121 1025 +0
3105 1025 +0
1121 1088 +0
1248 1088 +0
3168 1088 +0
33888 1088 +0
3105 3072 +0
3168 3072 +0
7200 3072 +0
35872 3072 +0
3075 1025 +0
3105 1025 +0
7169 1025 +0
35841 1025 +0
3105 1056 +0
3168 1056 +0
7200 1056 +0
35872 1056 +0
7169 5120 +0
7200 5120 +0
35841 33792 +0
35872 33792 +0
39936 33792 +0
101376 33792 +0
33795 1025 +0
35841 3072 +0
35872 3072 +0
39936 3072 -1
101376 3072 +0
99329 66560 +0
99360 66560 +0
101376 66560 +0
230400 66560 +0
32775 32770 +0
32803 32770 +0
33795 32770 +0
98307 32770 +0
32803 32800 +0
32865 32800 +0
33795 33792 +0
98307 98304 +0
98337 98304 +0
99329 98304 +0
229377 98304 +0
32803 32769 +0
32865 32769 +0
32865 32832 +0
32992 32832 +0
33888 32832 +0
98400 32832 +0
98337 98304 +0
98400 98304 +0
99360 98304 +0
229408 98304 +0
33795 32769 +0
35841 34816 +0
35872 34816 +0
39936 34816 -1
101376 34816 +0
99329 98304 +0
99360 98304 +0
101376 98304 +0
230400 98304 +0
98307 32769 +0
98337 32769 +0
99329 32769 +0
229377 32769 +0
98337 32800 +0
98400 32800 +0
99360 32800 +0
229408 32800 +0
99329 33792 +0
99360 33792 +0
101376 33792 +0
230400 33792 +0
229377 163840 +0
229408 163840 +0
230400 163840 +0
103 37 +0
227 161 +0
1123 1057 +0
32867 32801 +0
1063 37 +0
1123 97 +0
3107 2081 +0
32807 37 +0
32867 97 -1
1063 1029 +0
1123 1089 +0
3107 3073 +0
3079 1029 +0
3107 1057 +0
7171 5121 +0
35843 33793 +0
33799 1029 +0
32807 32773 +0
32867 32833 +0
33799 32773 +0
98311 32773 +0
98339 32801 +0
99331 33793 +0
229379 163841 +0
103 7 +0
227 131 +0
1123 1027 +0
32867 32771 +0
1063 7 +0
1123 67 +0
3107 2051 +0
32807 7 +0
32867 67 -1
103 69 +0
227 193 +0
1123 1089 +0
32867 32833 +0
227 67 -1
1123 67 +0
1249 193 +0
3169 2113 +0
32867 67 -1
32993 193 +0
1063 1029 +0
1123 1089 +0
3107 3073 +0
1123 1027 +0
1249 1153 +0
3169 3073 +0
3107 1027 +0
3169 1089 -1
7201 5121 +0
32807 32773 +0
32867 32833 +0
32867 32771 +0
32993 32897 +0
1063 7 +0
1123 67 +0
3107 2051 +0
3079 7 +0
3107 35 +0
7171 4099 +0
35843 32771 +0
33799 7 +0
1063 37 +0
1123 97 +0
3107 2081 +0
1123 35 +0
1249 161 +0
3169 2081 +0
3107 35 +0
3169 97 -1
7201 4129 +0
3079 2053 +0
3107 2081 +0
7171 6145 +0
35843 34817 +0
3107 2051 +0
3169 2113 +0
7201 6145 +0
7171 2051 -1
7201 2081 -1
35843 2051 +0
33799 32773 +0
32807 7 +0
32867 67 -1
33799 7 +0
98311 7 +0
98339 35 +0
99331 1027 +0
229379 131075 +0
32807 37 +0
32867 97 -1
32867 35 -1
32993 161 +0
33799 1029 +0
98311 65541 +0
98339 65569 +0
99331 66561 +0
229379 196609 +0
98339 65539 +0
98401 65601 -1
99331 65539 +0
229379 65539 -1
229409 65569 -1
230401 66561 -1
103 38 +0
227 162 +0
1123 1058 -1
32867 32802 +0
1063 38 +0
1123 98 +0
3107 2082 -1
32807 38 +0
32867 98 -1
103 100 +0
227 224 +0
1123 1120 +0
32867 32864 +0
227 98 -1
1123 98 +0
1249 224 +0
3169 2144 +0
32867 98 -1
32993 224 +0
1063 1060 -1
1123 1120 +0
3107 3104 -1
1123 1058 -1
1249 1184 -1
3169 3104 -1
3107 1058 -1
3169 1120 -1
7201 5152 +0
32807 32804 +0
32867 32864 +0
32867 32802 +0
32993 32928 +0
103 37 +0
227 161 +0
1123 1057 +0
32867 32801 +0
227 35 -1
1123 35 +0
1249 161 +0
3169 2081 +0
32867 35 -1
32993 161 +0
227 162 +0
1123 1058 -1
1249 1184 -1
3169 3104 -1
1249 1057 -1
3169 1057 +0
3296 1184 -1
7264 5152 -1
35936 33824 +0
32867 32802 +0
32993 32928 +0
32993 32801 +0
98401 32801 +0
98528 32928 +0
99424 33824 +0
229472 163872 +0
1063 37 +0
1123 97 +0
3107 2081 +0
1123 35 +0
1249 161 +0
3169 2081 +0
3107 35 +0
3169 97 -1
7201 4129 +0
1123 98 +0
1249 224 +0
3169 2144 +0
1249 97 -1
3169 97 -1
3296 224 +0
7264 4192 +0
35936 32864 +0
3107 2082 -1
3169 2144 +0
7201 6176 +0
3169 2081 +0
3296 2208 +0
7264 6176 +0
35936 34848 -1
7201 2081 -1
7264 2144 -1
32807 37 +0
32867 97 -1
32867 35 -1
32993 161 +0
32867 98 -1
32993 224 +0
32993 97 -1
98401 97 -1
98528 224 +0
99424 1120 -1
229472 131168 -1
98339 65570 +0
98401 65632 -1
98401 65569 -1
98528 65696 +0
99424 66592 -1
229472 196640 -1
229409 65569 -1
229472 65632 -1
230432 66592 -1
1063 1030 +0
1123 1090 +0
3107 3074 -1
3079 1030 -1
3107 1058 -1
7171 5122 +0
35843 33794 -1
33799 1030 +0
1063 1060 -1
1123 1120 +0
3107 3104 -1
1123 1058 -1
1249 1184 -1
3169 3104 -1
3107 1058 -1
3169 1120 -1
7201 5152 +0
3079 3076 -1
3107 3104 -1
7171 7168 +0
35843 35840 -1
3107 3074 -1
3169 3136 +0
7201 7168 +0
7171 3074 -1
7201 3104 -1
35843 3074 -1
33799 33796 -1
1063 1029 +0
1123 1089 +0
3107 3073 +0
1123 1027 +0
1249 1153 +0
3169 3073 +0
3107 1027 +0
3169 1089 -1
7201 5121 +0
1123 1090 +0
1249 1216 +0
3169 3136 +0
1249 1089 -1
3169 1089 -1
3296 1216 +0
7264 5184 +0
35936 33856 +0
3107 3074 -1
3169 3136 +0
7201 7168 +0
3169 3073 +0
3296 3200 +0
7264 7168 +0
35936 35840 -1
7201 3073 -1
7264 3136 -1
3079 1029 +0
3107 1057 +0
7171 5121 +0
35843 33793 +0
3107 1027 +0
3169 1089 -1
7201 5121 +0
7171 1027 -1
7201 1057 +0
35843 1027 +0
3107 1058 -1
3169 1120 -1
7201 5152 +0
3169 1057 +0
3296 1184 -1
7264 5152 -1
35936 33824 +0
7201 1057 +0
7264 1120 -1
7171 5122 +0
7201 5152 +0
7201 5121 +0
7264 5184 +0
35843 33794 -1
39937 33793 +0
39968 33824 -1
101377 33793 +0
101408 33824 +0
105472 37888 +0
232448 164864 +0
33799 1029 +0
35843 3074 -1
39937 3073 -1
39968 3104 -1
101377 3073 +0
101408 3104 +0
105472 7168 +0
232448 134144 +0
99331 66562 +0
101377 66561 +0
101408 66592 -1
105472 70656 +0
232448 197632 +0
230401 66561 -1
230432 66592 -1
232448 68608 -1
32807 32774 +0
32867 32834 +0
33799 32774 +0
98311 32774 +0
98339 32802 +0
99331 33794 +0
229379 163842 +0
32807 32804 +0
32867 32864 +0
32867 32802 +0
32993 32928 +0
33799 33796 -1
98311 98308 +0
98339 98336 +0
99331 99328 +0
229379 229376 +0
98339 98306 +0
98401 98368 +0
99331 98306 +0
229379 98306 -1
229409 98336 -1
230401 99328 -1
32807 32773 +0
32867 32833 +0
32867 32771 +0
32993 32897 +0
32867 32834 +0
32993 32960 +0
32993 32833 -1
98401 32833 +0
98528 32960 +0
99424 33856 +0
229472 163904 +0
98339 98306 +0
98401 98368 +0
98401 98305 +0
98528 98432 +0
99424 99328 +0
229472 229376 +0
229409 98305 -1
229472 98368 -1
230432 99328 -1
33799 32773 +0
35843 34818 -1
39937 34817 -1
39968 34848 -1
101377 34817 +0
101408 34848 +0
105472 38912 +0
232448 165888 +0
99331 98306 +0
101377 98305 +0
101408 98336 +0
105472 102400 +0
232448 229376 +0
230401 98305 -1
230432 98336 -1
232448 100352 -1
98311 32773 +0
98339 32801 +0
99331 33793 +0
229379 163841 +0
98339 32771 +0
98401 32833 +0
99331 32771 +0
229379 32771 -1
229409 32801 +0
230401 33793 +0
98339 32802 +0
98401 32864 +0
98401 32801 +0
98528 32928 +0
99424 33824 +0
229472 163872 +0
229409 32801 +0
229472 32864 -1
230432 33824 +0
99331 33794 +0
101377 33793 +0
101408 33824 +0
105472 37888 +0
232448 164864 +0
230401 33793 +0
230432 33824 +0
232448 35840 -1
229379 163842 +0
229409 163872 +0
230401 164864 +0
229409 163841 +0
229472 163904 +0
230432 164864 +0
230401 163841 +0
230432 163872 +0
232448 165888 +0
231 161 +0
1127 1057 +1
1251 1057 +1
3171 1057 +1
32871 32801 +1
32995 32801 +1
1127 97 +0
1251 97 +0
3171 97 +0
3111 2081 +0
3171 2081 +0
7203 2081 +0
32871 97 +0
32995 97 -1
1127 1089 +0
1251 1089 +0
3171 1089 +0
3111 3073 +0
3171 3073 +0
7203 3073 +0
3111 1057 +1
3171 1057 +1
7203 1057 +1
7175 5121 +0
7203 5121 +0
35847 33793 +1
32871 32833 +0
32995 32833 +0
98343 32801 +1
98403 32801 +1
99335 33793 +1
229383 163841 +0
229411 163841 +0
230403 163841 +0
231 131 +0
1127 1027 +0
1251 1027 +0
3171 1027 +0
32871 32771 +0
32995 32771 +0
1127 67 +0
1251 67 +0
3171 67 +0
3111 2051 +0
3171 2051 +0
7203 2051 +0
32871 67 +0
32995 67 -1
231 193 +0
1127 1089 +0
1251 1089 +0
3171 1089 +0
32871 32833 +0
32995 32833 +0
231 67 +0
1127 67 +0
1251 67 +0
3171 67 +0
1251 193 +1
3171 2113 +0
3297 2113 +0
7265 2113 +0
32871 67 +0
32995 67 -1
32995 193 +1
1127 1089 +0
1251 1089 +0
3171 1089 +0
3111 3073 +0
3171 3073 +0
7203 3073 +0
1127 1027 +0
1251 1027 +0
3171 1027 +0
1251 1153 +0
3171 3073 +0
3297 3073 +0
7265 3073 +0
3111 1027 +0
3171 1027 +0
7203 1027 +0
3171 1089 +0
3297 1089 -1
7265 1089 +0
7203 5121 +0
7265 5121 +0
32871 32833 +0
32995 32833 +0
32871 32771 +0
32995 32771 +0
32995 32897 +0
1127 67 +0
1251 67 +0
3171 67 +0
3111 2051 +0
3171 2051 +0
7203 2051 +0
3111 35 +0
3171 35 +0
7203 35 +0
7175 4099 +0
7203 4099 +0
35847 32771 +0
1127 97 +0
1251 97 +0
3171 97 +0
3111 2081 +0
3171 2081 +0
7203 2081 +0
1127 35 +0
1251 35 +0
3171 35 +0
1251 161 +0
3171 2081 +0
3297 2081 +0
7265 2081 +0
3111 35 +0
3171 35 +0
7203 35 +0
3171 97 +0
3297 97 -1
7265 97 +0
7203 4129 +0
7265 4129 +0
3111 2081 +0
3171 2081 +0
7203 2081 +0
7175 6145 +0
7203 6145 +0
35847 34817 +1
3111 2051 +0
3171 2051 +0
7203 2051 +0
3171 2113 +0
3297 2113 +0
7265 2113 +0
7203 6145 +0
7265 6145 +0
7175 2051 +0
7203 2051 +0
7203 2081 +0
7265 2081 +0
35847 2051 +0
32871 67 +0
32995 67 -1
98343 35 +0
98403 35 +0
99335 1027 +0
229383 131075 +0
229411 131075 +1
230403 131075 +0
32871 97 +0
32995 97 -1
32871 35 +0
32995 35 -1
32995 161 +0
98343 65569 +0
98403 65569 +0
99335 66561 +0
229383 196609 +0
229411 196609 +0
230403 196609 +0
98343 65539 +0
98403 65539 +0
98403 65601 +0
98529 65601 -1
99335 65539 +0
229383 65539 +0
229411 65539 +0
230403 65539 +0
229411 65569 +0
229473 65569 +0
230403 66561 +0
231 162 +0
1127 1058 +0
1251 1058 -1
3171 1058 +0
32871 32802 +0
32995 32802 +0
1127 98 +0
1251 98 +0
3171 98 +0
3111 2082 +0
3171 2082 +0
7203 2082 -1
32871 98 +0
32995 98 -1
231 224 +1
1127 1120 +0
1251 1120 +0
3171 1120 +0
32871 32864 +0
32995 32864 +0
231 98 +0
1127 98 +0
1251 98 +0
3171 98 +0
1251 224 +1
3171 2144 +0
3297 2144 +0
7265 2144 +0
32871 98 +0
32995 98 -1
32995 224 +1
1127 1120 +0
1251 1120 +0
3171 1120 +0
3111 3104 +0
3171 3104 +0
7203 3104 -1
1127 1058 +0
1251 1058 -1
3171 1058 +0
1251 1184 -1
3171 3104 +0
3297 3104 +0
7265 3104 -1
3111 1058 +0
3171 1058 +0
7203 1058 -1
3171 1120 +0
3297 1120 -1
7265 1120 +0
7203 5152 +0
7265 5152 +0
32871 32864 +0
32995 32864 +0
32871 32802 +0
32995 32802 +0
32995 32928 +0
231 161 +0
1127 1057 +1
1251 1057 +1
3171 1057 +1
32871 32801 +1
32995 32801 +1
231 35 +0
1127 35 +0
1251 35 +0
3171 35 +0
1251 161 +0
3171 2081 +0
3297 2081 +0
7265 2081 +0
32871 35 +0
32995 35 -1
32995 161 +0
231 162 +0
1127 1058 +0
1251 1058 -1
3171 1058 +0
1251 1184 -1
3171 3104 +0
3297 3104 +0
7265 3104 -1
1251 1057 +1
3171 1057 +1
3297 1057 +1
7265 1057 +1
3297 1184 -1
7265 5152 +0
7392 5152 +0
32871 32802 +0
32995 32802 +0
32995 32928 +0
32995 32801 +1
98403 32801 +1
98529 32801 +1
98529 32928 +0
229473 163872 +0
229600 163872 +0
230496 163872 +0
1127 97 +0
1251 97 +0
3171 97 +0
3111 2081 +0
3171 2081 +0
7203 2081 +0
1127 35 +0
1251 35 +0
3171 35 +0
1251 161 +0
3171 2081 +0
3297 2081 +0
7265 2081 +0
3111 35 +0
3171 35 +0
7203 35 +0
3171 97 +0
3297 97 -1
7265 97 +0
7203 4129 +0
7265 4129 +0
1127 98 +0
1251 98 +0
3171 98 +0
1251 224 +1
3171 2144 +0
3297 2144 +0
7265 2144 +0
1251 97 +0
3171 97 +0
3297 97 -1
7265 97 +0
3297 224 +1
7265 4192 +0
7392 4192 +0
3111 2082 +0
3171 2082 +0
7203 2082 -1
3171 2144 +0
3297 2144 +0
7265 2144 +0
7203 6176 +0
7265 6176 +0
3171 2081 +0
3297 2081 +0
7265 2081 +0
3297 2208 +0
7265 6176 +0
7392 6176 +0
7203 2081 +0
7265 2081 +0
7265 2144 +0
7392 2144 +0
32871 97 +0
32995 97 -1
32871 35 +0
32995 35 -1
32995 161 +0
32871 98 +0
32995 98 -1
32995 224 +1
32995 97 -1
98403 97 +1
98529 97 -1
98529 224 +1
229473 131168 +0
229600 131168 -1
230496 131168 +0
98343 65570 +0
98403 65570 +0
98403 65632 +0
98529 65632 -1
98403 65569 +0
98529 65569 -1
98529 65696 +0
229473 196640 +0
229600 196640 -1
230496 196640 +0
229411 65569 +0
229473 65569 +0
229473 65632 +0
229600 65632 -1
230496 65632 +0
1127 1090 +0
1251 1090 +0
3171 1090 +0
3111 3074 +0
3171 3074 +0
7203 3074 -1
3111 1058 +0
3171 1058 +0
7203 1058 -1
7175 5122 +0
7203 5122 +0
35847 33794 +0
1127 1120 +0
1251 1120 +0
3171 1120 +0
3111 3104 +0
3171 3104 +0
7203 3104 -1
1127 1058 +0
1251 1058 -1
3171 1058 +0
1251 1184 -1
3171 3104 +0
3297 3104 +0
7265 3104 -1
3111 1058 +0
3171 1058 +0
7203 1058 -1
3171 1120 +0
3297 1120 -1
7265 1120 +0
7203 5152 +0
7265 5152 +0
3111 3104 +0
3171 3104 +0
7203 3104 -1
7175 7168 +1
7203 7168 +1
35847 35840 +1
3111 3074 +0
3171 3074 +0
7203 3074 -1
3171 3136 +0
3297 3136 +0
7265 3136 +0
7203 7168 +1
7265 7168 +1
7175 3074 -1
7203 3074 -1
7203 3104 -1
7265 3104 -1
35847 3074 +0
1127 1089 +0
1251 1089 +0
3171 1089 +0
3111 3073 +0
3171 3073 +0
7203 3073 +0
1127 1027 +0
1251 1027 +0
3171 1027 +0
1251 1153 +0
3171 3073 +0
3297 3073 +0
7265 3073 +0
3111 1027 +0
3171 1027 +0
7203 1027 +0
3171 1089 +0
3297 1089 -1
7265 1089 +0
7203 5121 +0
7265 5121 +0
1127 1090 +0
1251 1090 +0
3171 1090 +0
1251 1216 +0
3171 3136 +0
3297 3136 +0
7265 3136 +0
1251 1089 +0
3171 1089 +0
3297 1089 -1
7265 1089 +0
3297 1216 +0
7265 5184 +0
7392 5184 +0
3111 3074 +0
3171 3074 +0
7203 3074 -1
3171 3136 +0
3297 3136 +0
7265 3136 +0
7203 7168 +1
7265 7168 +1
3171 3073 +0
3297 3073 +0
7265 3073 +0
3297 3200 +1
7265 7168 +1
7392 7168 +1
7203 3073 +0
7265 3073 +0
7265 3136 +0
7392 3136 +0
3111 1057 +1
3171 1057 +1
7203 1057 +1
7175 5121 +0
7203 5121 +0
35847 33793 +1
3111 1027 +0
3171 1027 +0
7203 1027 +0
3171 1089 +0
3297 1089 -1
7265 1089 +0
7203 5121 +0
7265 5121 +0
7175 1027 +0
7203 1027 +0
7203 1057 +1
7265 1057 +1
35847 1027 +0
3111 1058 +0
3171 1058 +0
7203 1058 -1
3171 1120 +0
3297 1120 -1
7265 1120 +0
7203 5152 +0
7265 5152 +0
3171 1057 +1
3297 1057 +1
7265 1057 +1
3297 1184 -1
7265 5152 +0
7392 5152 +0
7203 1057 +1
7265 1057 +1
7265 1120 +0
7392 1120 +0
7175 5122 +0
7203 5122 +0
7203 5152 +0
7265 5152 +0
7203 5121 +0
7265 5121 +0
7265 5184 +0
7392 5184 +0
35847 33794 +0
39939 33793 +1
101379 33793 +1
105473 37888 +0
105504 37888 +0
232449 164864 +0
232480 164864 +0
236544 164864 +0
35847 3074 +0
39939 3073 +0
101379 3073 +0
105473 7168 +1
105504 7168 +1
232449 134144 +0
232480 134144 +0
236544 134144 +0
99335 66562 +0
101379 66561 +0
105473 70656 +0
105504 70656 +0
232449 197632 +0
232480 197632 +0
236544 197632 +0
230403 66561 +0
232449 68608 +0
232480 68608 +0
236544 68608 +0
32871 32834 +0
32995 32834 +0
98343 32802 +0
98403 32802 +0
99335 33794 +0
229383 163842 +0
229411 163842 +0
230403 163842 +0
32871 32864 +0
32995 32864 +0
32871 32802 +0
32995 32802 +0
32995 32928 +0
98343 98336 +0
98403 98336 +0
99335 99328 +0
229383 229376 +1
229411 229376 +1
230403 229376 +1
98343 98306 +0
98403 98306 +0
98403 98368 +0
98529 98368 +0
99335 98306 +0
229383 98306 +0
229411 98306 +0
230403 98306 +0
229411 98336 +0
229473 98336 +0
230403 99328 +0
32871 32833 +0
32995 32833 +0
32871 32771 +0
32995 32771 +0
32995 32897 +0
32871 32834 +0
32995 32834 +0
32995 32960 +0
32995 32833 +0
98403 32833 +0
98529 32833 +0
98529 32960 +0
229473 163904 +0
229600 163904 +0
230496 163904 +0
98343 98306 +0
98403 98306 +0
98403 98368 +0
98529 98368 +0
98403 98305 +0
98529 98305 +0
98529 98432 +0
229473 229376 +1
229600 229376 +1
230496 229376 +1
229411 98305 +0
229473 98305 +0
229473 98368 +0
229600 98368 +0
230496 98368 +0
35847 34818 +1
39939 34817 +0
101379 34817 +0
105473 38912 +1
105504 38912 +1
232449 165888 +1
232480 165888 +1
236544 165888 +0
99335 98306 +0
101379 98305 +0
105473 102400 +0
105504 102400 +0
232449 229376 +1
232480 229376 +1
236544 229376 +1
230403 98305 +0
232449 100352 +0
232480 100352 +0
236544 100352 +0
98343 32801 +1
98403 32801 +1
99335 33793 +1
229383 163841 +0
229411 163841 +0
230403 163841 +0
98343 32771 +0
98403 32771 +0
98403 32833 +0
98529 32833 +0
99335 32771 +0
229383 32771 +0
229411 32771 +0
230403 32771 +0
229411 32801 +1
229473 32801 +1
230403 33793 +1
98343 32802 +0
98403 32802 +0
98403 32864 +0
98529 32864 +0
98403 32801 +1
98529 32801 +1
98529 32928 +0
229473 163872 +0
229600 163872 +0
230496 163872 +0
229411 32801 +1
229473 32801 +1
229473 32864 +0
229600 32864 +1
230496 32864 +0
99335 33794 +0
101379 33793 +1
105473 37888 +0
105504 37888 +0
232449 164864 +0
232480 164864 +0
236544 164864 +0
230403 33793 +1
232449 35840 +0
232480 35840 +0
236544 35840 +0
229383 163842 +0
229411 163842 +0
230403 163842 +0
229411 163872 +0
229473 163872 +0
230403 164864 +0
229411 163841 +0
229473 163841 +0
229473 163904 +0
229600 163904 +0
230496 163904 +0
230403 163841 +0
232449 165888 +1
232480 165888 +1
236544 165888 +0
1255 1061 +0
3175 1061 +0
3299 1185 +0
7267 5153 -1
32999 32805 +0
1255 101 +0
3175 101 +0
3299 225 +0
7267 4193 +0
3175 2085 +0
3299 2209 +0
7267 6177 +0
7207 2085 +0
7267 2145 -1
32999 101 -1
1255 1093 +0
3175 1093 +0
3299 1217 +0
7267 5185 +0
3175 3077 +0
3299 3201 +0
7267 7169 +0
7207 3077 +0
7267 3137 -1
3175 1061 +0
3299 1185 +0
7267 5153 -1
7207 1061 +0
7267 1121 +0
7207 5125 -1
7267 5185 +0
32999 32837 +0
98407 32805 +0
98531 32929 +0
229415 163845 -1
229475 163905 +0
230407 163845 -1
1255 1031 -1
3175 1031 +0
3299 1155 +0
7267 5123 -1
32999 32775 -1
1255 71 +0
3175 71 +0
3299 195 +0
7267 4163 +0
3175 2055 +0
3299 2179 +0
7267 6147 +0
7207 2055 +0
7267 2115 -1
32999 71 -1
1255 1093 +0
3175 1093 +0
3299 1217 +0
7267 5185 +0
32999 32837 +0
1255 71 +0
3175 71 +0
3299 195 +0
7267 4163 +0
1255 197 +1
3175 2117 +0
3299 2241 +0
7267 6209 +0
3299 2115 -1
7267 2115 -1
7393 2241 +0
32999 71 -1
32999 197 +1
1255 1093 +0
3175 1093 +0
3299 1217 +0
7267 5185 +0
3175 3077 +0
3299 3201 +0
7267 7169 +0
7207 3077 +0
7267 3137 -1
1255 1031 -1
3175 1031 +0
3299 1155 +0
7267 5123 -1
1255 1157 -1
3175 3077 +0
3299 3201 +0
7267 7169 +0
3299 3075 -1
7267 3075 -1
7393 3201 +0
3175 1031 +0
3299 1155 +0
7267 5123 -1
7207 1031 +0
7267 1091 -1
3175 1093 +0
3299 1217 +0
7267 5185 +0
3299 1091 -1
7267 1091 -1
7393 1217 +0
7207 5125 -1
7267 5185 +0
7267 5123 -1
7393 5249 -1
32999 32837 +0
32999 32775 -1
32999 32901 -1
1255 71 +0
3175 71 +0
3299 195 +0
7267 4163 +0
3175 2055 +0
3299 2179 +0
7267 6147 +0
7207 2055 +0
7267 2115 -1
3175 39 +0
3299 163 +0
7267 4131 +0
7207 39 -1
7267 99 -1
7207 4103 +0
7267 4163 +0
1255 101 +0
3175 101 +0
3299 225 +0
7267 4193 +0
3175 2085 +0
3299 2209 +0
7267 6177 +0
7207 2085 +0
7267 2145 -1
1255 39 +0
3175 39 +0
3299 163 +0
7267 4131 +0
1255 165 -1
3175 2085 +0
3299 2209 +0
7267 6177 +0
3299 2083 -1
7267 2083 -1
7393 2209 +0
3175 39 +0
3299 163 +0
7267 4131 +0
7207 39 -1
7267 99 -1
3175 101 +0
3299 225 +0
7267 4193 +0
3299 99 -1
7267 99 -1
7393 225 -1
7207 4133 -1
7267 4193 +0
7267 4131 +0
7393 4257 -1
3175 2085 +0
3299 2209 +0
7267 6177 +0
7207 2085 +0
7267 2145 -1
7207 6149 +0
7267 6209 +0
3175 2055 +0
3299 2179 +0
7267 6147 +0
7207 2055 +0
7267 2115 -1
3175 2117 +0
3299 2241 +0
7267 6209 +0
3299 2115 -1
7267 2115 -1
7393 2241 +0
7207 6149 +0
7267 6209 +0
7267 6147 +0
7393 6273 +0
7207 2055 +0
7267 2115 -1
7207 2085 +0
7267 2145 -1
7267 2083 -1
7393 2209 +0
32999 71 -1
98407 39 +0
98531 163 +0
229415 131079 +0
229475 131139 +1
230407 131079 +0
32999 101 -1
32999 39 -1
32999 165 -1
98407 65573 +0
98531 65697 +0
229415 196613 +0
229475 196673 +0
230407 196613 +0
98407 65543 +0
98531 65667 +0
98407 65605 +0
98531 65729 +0
98531 65603 -1
229415 65543 +0
229475 65603 -1
230407 65543 +0
229415 65573 +0
229475 65633 -1
229475 65571 -1
229601 65697 +0
230407 66565 +0
1255 1062 -1
3175 1062 -1
3299 1186 -1
7267 5154 +0
32999 32806 +0
1255 102 +0
3175 102 +0
3299 226 +0
7267 4194 +0
3175 2086 -1
3299 2210 -1
7267 6178 +0
7207 2086 -1
7267 2146 -1
32999 102 -1
1255 1124 +0
3175 1124 +0
3299 1248 +0
7267 5216 +0
32999 32868 +0
1255 102 +0
3175 102 +0
3299 226 +0
7267 4194 +0
1255 228 +0
3175 2148 +0
3299 2272 +0
7267 6240 +0
3299 2146 -1
7267 2146 -1
7393 2272 +0
32999 102 -1
32999 228 +0
1255 1124 +0
3175 1124 +0
3299 1248 +0
7267 5216 +0
3175 3108 -1
3299 3232 -1
7267 7200 +0
7207 3108 -1
7267 3168 -1
1255 1062 -1
3175 1062 -1
3299 1186 -1
7267 5154 +0
1255 1188 -1
3175 3108 -1
3299 3232 -1
7267 7200 +0
3299 3106 -1
7267 3106 -1
7393 3232 -1
3175 1062 -1
3299 1186 -1
7267 5154 +0
7207 1062 -1
7267 1122 -1
3175 1124 +0
3299 1248 +0
7267 5216 +0
3299 1122 -1
7267 1122 -1
7393 1248 +0
7207 5156 -1
7267 5216 +0
7267 5154 +0
7393 5280 -1
32999 32868 +0
32999 32806 +0
32999 32932 -1
1255 1061 +0
3175 1061 +0
3299 1185 +0
7267 5153 -1
32999 32805 +0
1255 39 +0
3175 39 +0
3299 163 +0
7267 4131 +0
1255 165 -1
3175 2085 +0
3299 2209 +0
7267 6177 +0
3299 2083 -1
7267 2083 -1
7393 2209 +0
32999 39 -1
32999 165 -1
1255 1062 -1
3175 1062 -1
3299 1186 -1
7267 5154 +0
1255 1188 -1
3175 3108 -1
3299 3232 -1
7267 7200 +0
3299 3106 -1
7267 3106 -1
7393 3232 -1
1255 1061 +0
3175 1061 +0
3299 1185 +0
7267 5153 -1
3299 1059 -1
7267 1059 +0
7393 1185 +0
3299 1186 -1
7267 5154 +0
7393 5280 -1
7393 5153 -1
32999 32806 +0
32999 32932 -1
32999 32805 +0
98407 32805 +0
98531 32929 +0
98531 32803 +0
98531 32930 +0
229475 163874 +0
229601 164000 -1
229601 163873 +0
1255 101 +0
3175 101 +0
3299 225 +0
7267 4193 +0
3175 2085 +0
3299 2209 +0
7267 6177 +0
7207 2085 +0
7267 2145 -1
1255 39 +0
3175 39 +0
3299 163 +0
7267 4131 +0
1255 165 -1
3175 2085 +0
3299 2209 +0
7267 6177 +0
3299 2083 -1
7267 2083 -1
7393 2209 +0
3175 39 +0
3299 163 +0
7267 4131 +0
7207 39 -1
7267 99 -1
3175 101 +0
3299 225 +0
7267 4193 +0
3299 99 -1
7267 99 -1
7393 225 -1
7207 4133 -1
7267 4193 +0
7267 4131 +0
7393 4257 -1
1255 102 +0
3175 102 +0
3299 226 +0
7267 4194 +0
1255 228 +0
3175 2148 +0
3299 2272 +0
7267 6240 +0
3299 2146 -1
7267 2146 -1
7393 2272 +0
1255 101 +0
3175 101 +0
3299 225 +0
7267 4193 +0
3299 99 -1
7267 99 -1
7393 225 -1
3299 226 +0
7267 4194 +0
7393 4320 +0
7393 4193 -1
3175 2086 -1
3299 2210 -1
7267 6178 +0
7207 2086 -1
7267 2146 -1
3175 2148 +0
3299 2272 +0
7267 6240 +0
3299 2146 -1
7267 2146 -1
7393 2272 +0
7207 6180 +0
7267 6240 +0
7267 6178 +0
7393 6304 +0
3175 2085 +0
3299 2209 +0
7267 6177 +0
3299 2083 -1
7267 2083 -1
7393 2209 +0
3299 2210 -1
7267 6178 +0
7393 6304 +0
7393 6177 +0
7207 2085 +0
7267 2145 -1
7267 2083 -1
7393 2209 +0
7267 2146 -1
7393 2272 +0
7393 2145 +0
32999 101 -1
32999 39 -1
32999 165 -1
32999 102 -1
32999 228 +0
32999 101 -1
98407 101 +0
98531 225 +1
98531 99 -1
98531 226 +0
229475 131170 -1
229601 131296 +0
229601 131169 -1
98407 65574 +0
98531 65698 +0
98407 65636 +0
98531 65760 +0
98531 65634 -1
98407 65573 +0
98531 65697 +0
98531 65571 -1
98531 65698 +0
229475 196642 -1
229601 196768 +0
229601 196641 -1
229415 65573 +0
229475 65633 -1
229475 65571 -1
229601 65697 +0
229475 65634 -1
229601 65760 +0
229601 65633 -1
1255 1094 +0
3175 1094 +0
3299 1218 +0
7267 5186 +0
3175 3078 -1
3299 3202 -1
7267 7170 +0
7207 3078 -1
7267 3138 -1
3175 1062 -1
3299 1186 -1
7267 5154 +0
7207 1062 -1
7267 1122 -1
7207 5126 +0
7267 5186 +0
1255 1124 +0
3175 1124 +0
3299 1248 +0
7267 5216 +0
3175 3108 -1
3299 3232 -1
7267 7200 +0
7207 3108 -1
7267 3168 -1
1255 1062 -1
3175 1062 -1
3299 1186 -1
7267 5154 +0
1255 1188 -1
3175 3108 -1
3299 3232 -1
7267 7200 +0
3299 3106 -1
7267 3106 -1
7393 3232 -1
3175 1062 -1
3299 1186 -1
7267 5154 +0
7207 1062 -1
7267 1122 -1
3175 1124 +0
3299 1248 +0
7267 5216 +0
3299 1122 -1
7267 1122 -1
7393 1248 +0
7207 5156 -1
7267 5216 +0
7267 5154 +0
7393 5280 -1
3175 3108 -1
3299 3232 -1
7267 7200 +0
7207 3108 -1
7267 3168 -1
7207 7172 +0
7267 7232 +0
3175 3078 -1
3299 3202 -1
7267 7170 +0
7207 3078 -1
7267 3138 -1
3175 3140 +0
3299 3264 +0
7267 7232 +0
3299 3138 -1
7267 3138 -1
7393 3264 +0
7207 7172 +0
7267 7232 +0
7267 7170 +0
7393 7296 +1
7207 3078 -1
7267 3138 -1
7207 3108 -1
7267 3168 -1
7267 3106 -1
7393 3232 -1
1255 1093 +0
3175 1093 +0
3299 1217 +0
7267 5185 +0
3175 3077 +0
3299 3201 +0
7267 7169 +0
7207 3077 +0
7267 3137 -1
1255 1031 -1
3175 1031 +0
3299 1155 +0
7267 5123 -1
1255 1157 -1
3175 3077 +0
3299 3201 +0
7267 7169 +0
3299 3075 -1
7267 3075 -1
7393 3201 +0
3175 1031 +0
3299 1155 +0
7267 5123 -1
7207 1031 +0
7267 1091 -1
3175 1093 +0
3299 1217 +0
7267 5185 +0
3299 1091 -1
7267 1091 -1
7393 1217 +0
7207 5125 -1
7267 5185 +0
7267 5123 -1
7393 5249 -1
1255 1094 +0
3175 1094 +0
3299 1218 +0
7267 5186 +0
1255 1220 +0
3175 3140 +0
3299 3264 +0
7267 7232 +0
3299 3138 -1
7267 3138 -1
7393 3264 +0
1255 1093 +0
3175 1093 +0
3299 1217 +0
7267 5185 +0
3299 1091 -1
7267 1091 -1
7393 1217 +0
3299 1218 +0
7267 5186 +0
7393 5312 +0
7393 5185 -1
3175 3078 -1
3299 3202 -1
7267 7170 +0
7207 3078 -1
7267 3138 -1
3175 3140 +0
3299 3264 +0
7267 7232 +0
3299 3138 -1
7267 3138 -1
7393 3264 +0
7207 7172 +0
7267 7232 +0
7267 7170 +0
7393 7296 +1
3175 3077 +0
3299 3201 +0
7267 7169 +0
3299 3075 -1
7267 3075 -1
7393 3201 +0
3299 3202 -1
7267 7170 +0
7393 7296 +1
7393 7169 -1
7207 3077 +0
7267 3137 -1
7267 3075 -1
7393 3201 +0
7267 3138 -1
7393 3264 +0
7393 3137 +0
3175 1061 +0
3299 1185 +0
7267 5153 -1
7207 1061 +0
7267 1121 +0
7207 5125 -1
7267 5185 +0
3175 1031 +0
3299 1155 +0
7267 5123 -1
7207 1031 +0
7267 1091 -1
3175 1093 +0
3299 1217 +0
7267 5185 +0
3299 1091 -1
7267 1091 -1
7393 1217 +0
7207 5125 -1
7267 5185 +0
7267 5123 -1
7393 5249 -1
7207 1031 +0
7267 1091 -1
7207 1061 +0
7267 1121 +0
7267 1059 +0
7393 1185 +0
3175 1062 -1
3299 1186 -1
7267 5154 +0
7207 1062 -1
7267 1122 -1
3175 1124 +0
3299 1248 +0
7267 5216 +0
3299 1122 -1
7267 1122 -1
7393 1248 +0
7207 5156 -1
7267 5216 +0
7267 5154 +0
7393 5280 -1
3175 1061 +0
3299 1185 +0
7267 5153 -1
3299 1059 -1
7267 1059 +0
7393 1185 +0
3299 1186 -1
7267 5154 +0
7393 5280 -1
7393 5153 -1
7207 1061 +0
7267 1121 +0
7267 1059 +0
7393 1185 +0
7267 1122 -1
7393 1248 +0
7393 1121 -1
7207 5126 +0
7267 5186 +0
7207 5156 -1
7267 5216 +0
7267 5154 +0
7393 5280 -1
7207 5125 -1
7267 5185 +0
7267 5123 -1
7393 5249 -1
7267 5186 +0
7393 5312 +0
7393 5185 -1
39943 33797 +0
101383 33797 +0
105475 37890 +0
232451 164866 +0
236545 164865 +0
236576 164896 +0
39943 3077 +0
101383 3077 +0
105475 7170 +0
232451 134146 +0
236545 134145 +0
236576 134176 +0
101383 66565 +0
105475 70658 +0
232451 197634 +0
236545 197633 +0
236576 197664 -1
230407 66565 +0
232451 68610 -1
236545 68609 +0
236576 68640 +0
32999 32838 +0
98407 32806 +0
98531 32930 +0
229415 163846 +0
229475 163906 +0
230407 163846 +0
32999 32868 +0
32999 32806 +0
32999 32932 -1
98407 98340 +0
98531 98464 +0
229415 229380 +0
229475 229440 +0
230407 229380 +0
98407 98310 +0
98531 98434 +0
98407 98372 +0
98531 98496 +0
98531 98370 -1
229415 98310 +0
229475 98370 -1
230407 98310 +0
229415 98340 +0
229475 98400 -1
229475 98338 -1
229601 98464 +0
230407 99332 +0
32999 32837 +0
32999 32775 -1
32999 32901 -1
32999 32838 +0
32999 32964 +0
32999 32837 +0
98407 32837 +0
98531 32961 +0
98531 32835 -1
98531 32962 +0
229475 163906 +0
229601 164032 +0
229601 163905 +0
98407 98310 +0
98531 98434 +0
98407 98372 +0
98531 98496 +0
98531 98370 -1
98407 98309 +0
98531 98433 +0
98531 98307 -1
98531 98434 +0
229475 229378 +0
229601 229504 +0
229601 229377 -1
229415 98309 +0
229475 98369 -1
229475 98307 -1
229601 98433 +0
229475 98370 -1
229601 98496 +0
229601 98369 +0
39943 34821 +0
101383 34821 +0
105475 38914 +0
232451 165890 +0
236545 165889 +0
236576 165920 +0
101383 98309 +0
105475 102402 +0
232451 229378 +0
236545 229377 -1
236576 229408 -1
230407 98309 +0
232451 100354 -1
236545 100353 +0
236576 100384 +0
98407 32805 +0
98531 32929 +0
229415 163845 -1
229475 163905 +0
230407 163845 -1
98407 32775 +0
98531 32899 +0
98407 32837 +0
98531 32961 +0
98531 32835 -1
229415 32775 +0
229475 32835 -1
230407 32775 +0
229415 32805 +0
229475 32865 +1
229475 32803 +0
229601 32929 +0
230407 33797 +0
98407 32806 +0
98531 32930 +0
98407 32868 +0
98531 32992 +0
98531 32866 -1
98407 32805 +0
98531 32929 +0
98531 32803 +0
98531 32930 +0
229475 163874 +0
229601 164000 -1
229601 163873 +0
229415 32805 +0
229475 32865 +1
229475 32803 +0
229601 32929 +0
229475 32866 -1
229601 32992 +0
229601 32865 +1
101383 33797 +0
105475 37890 +0
232451 164866 +0
236545 164865 +0
236576 164896 +0
230407 33797 +0
232451 35842 -1
236545 35841 +0
236576 35872 +0
229415 163846 +0
229475 163906 +0
230407 163846 +0
229415 163876 -1
229475 163936 +0
229475 163874 +0
229601 164000 -1
230407 164868 -1
229415 163845 -1
229475 163905 +0
229475 163843 +0
229601 163969 -1
229475 163906 +0
229601 164032 +0
229601 163905 +0
230407 163845 -1
232451 165890 +0
236545 165889 +0
236576 165920 +0
3303 1185 +1
7271 5153 +1
7395 5153 +1
3303 225 +1
7271 4193 +0
7395 4193 +0
3303 2209 +0
7271 6177 +0
7395 6177 +0
7271 2145 +0
7395 2145 +0
3303 1217 +0
7271 5185 +0
7395 5185 +0
3303 3201 +0
7271 7169 +1
7395 7169 +1
7271 3137 +0
7395 3137 +0
3303 1185 +1
7271 5153 +1
7395 5153 +1
7271 1121 +1
7395 1121 +1
7271 5185 +0
7395 5185 +0
98535 32929 +1
229479 163905 +1
229603 163905 +1
3303 1155 +0
7271 5123 +0
7395 5123 -1
3303 195 +0
7271 4163 +0
7395 4163 +0
3303 2179 +0
7271 6147 +0
7395 6147 +0
7271 2115 +0
7395 2115 +0
3303 1217 +0
7271 5185 +0
7395 5185 +0
3303 195 +0
7271 4163 +0
7395 4163 +0
3303 2241 +0
7271 6209 +0
7395 6209 +0
3303 2115 +0
7271 2115 +0
7395 2115 +0
7395 2241 +0
3303 1217 +0
7271 5185 +0
7395 5185 +0
3303 3201 +0
7271 7169 +1
7395 7169 +1
7271 3137 +0
7395 3137 +0
3303 1155 +0
7271 5123 +0
7395 5123 -1
3303 3201 +0
7271 7169 +1
7395 7169 +1
3303 3075 +0
7271 3075 +0
7395 3075 +0
7395 3201 +0
3303 1155 +0
7271 5123 +0
7395 5123 -1
7271 1091 +0
7395 1091 +0
3303 1217 +0
7271 5185 +0
7395 5185 +0
3303 1091 +0
7271 1091 +0
7395 1091 +0
7395 1217 +0
7271 5185 +0
7395 5185 +0
7271 5123 +0
7395 5123 -1
7395 5249 -1
3303 195 +0
7271 4163 +0
7395 4163 +0
3303 2179 +0
7271 6147 +0
7395 6147 +0
7271 2115 +0
7395 2115 +0
3303 163 +0
7271 4131 +0
7395 4131 +0
7271 99 +0
7395 99 -1
7271 4163 +0
7395 4163 +0
3303 225 +1
7271 4193 +0
7395 4193 +0
3303 2209 +0
7271 6177 +0
7395 6177 +0
7271 2145 +0
7395 2145 +0
3303 163 +0
7271 4131 +0
7395 4131 +0
3303 2209 +0
7271 6177 +0
7395 6177 +0
3303 2083 +0
7271 2083 +0
7395 2083 +0
7395 2209 +0
3303 163 +0
7271 4131 +0
7395 4131 +0
7271 99 +0
7395 99 -1
3303 225 +1
7271 4193 +0
7395 4193 +0
3303 99 +0
7271 99 +0
7395 99 -1
7395 225 +1
7271 4193 +0
7395 4193 +0
7271 4131 +0
7395 4131 +0
7395 4257 -1
3303 2209 +0
7271 6177 +0
7395 6177 +0
7271 2145 +0
7395 2145 +0
7271 6209 +0
7395 6209 +0
3303 2179 +0
7271 6147 +0
7395 6147 +0
7271 2115 +0
7395 2115 +0
3303 2241 +0
7271 6209 +0
7395 6209 +0
3303 2115 +0
7271 2115 +0
7395 2115 +0
7395 2241 +0
7271 6209 +0
7395 6209 +0
7271 6147 +0
7395 6147 +0
7395 6273 +1
7271 2115 +0
7395 2115 +0
7271 2145 +0
7395 2145 +0
7271 2083 +0
7395 2083 +0
7395 2209 +0
98535 163 +0
229479 131139 +1
229603 131139 +1
98535 65697 +0
229479 196673 +1
229603 196673 +1
98535 65667 +0
98535 65729 +0
98535 65603 +0
229479 65603 +1
229603 65603 +1
229479 65633 +1
229603 65633 +1
229479 65571 +0
229603 65571 -1
229603 65697 +0
3303 1186 +0
7271 5154 +0
7395 5154 +0
3303 226 +1
7271 4194 +0
7395 4194 +0
3303 2210 +0
7271 6178 +0
7395 6178 +0
7271 2146 +1
7395 2146 +0
3303 1248 +1
7271 5216 +0
7395 5216 +0
3303 226 +1
7271 4194 +0
7395 4194 +0
3303 2272 +1
7271 6240 +0
7395 6240 +0
3303 2146 +0
7271 2146 +1
7395 2146 +0
7395 2272 +1
3303 1248 +1
7271 5216 +0
7395 5216 +0
3303 3232 +0
7271 7200 +1
7395 7200 +1
7271 3168 +0
7395 3168 +0
3303 1186 +0
7271 5154 +0
7395 5154 +0
3303 3232 +0
7271 7200 +1
7395 7200 +1
3303 3106 +0
7271 3106 -1
7395 3106 -1
7395 3232 -1
3303 1186 +0
7271 5154 +0
7395 5154 +0
7271 1122 +0
7395 1122 +0
3303 1248 +1
7271 5216 +0
7395 5216 +0
3303 1122 +0
7271 1122 +0
7395 1122 +0
7395 1248 +1
7271 5216 +0
7395 5216 +0
7271 5154 +0
7395 5154 +0
7395 5280 -1
3303 1185 +1
7271 5153 +1
7395 5153 +1
3303 163 +0
7271 4131 +0
7395 4131 +0
3303 2209 +0
7271 6177 +0
7395 6177 +0
3303 2083 +0
7271 2083 +0
7395 2083 +0
7395 2209 +0
3303 1186 +0
7271 5154 +0
7395 5154 +0
3303 3232 +0
7271 7200 +1
7395 7200 +1
3303 3106 +0
7271 3106 -1
7395 3106 -1
7395 3232 -1
3303 1185 +1
7271 5153 +1
7395 5153 +1
3303 1059 +1
7271 1059 +1
7395 1059 +1
7395 1185 +1
3303 1186 +0
7271 5154 +0
7395 5154 +0
7395 5280 -1
7395 5153 +1
98535 32929 +1
98535 32803 +1
98535 32930 +0
229479 163874 +0
229603 163874 +0
229603 164000 -1
229603 163873 +1
3303 225 +1
7271 4193 +0
7395 4193 +0
3303 2209 +0
7271 6177 +0
7395 6177 +0
7271 2145 +0
7395 2145 +0
3303 163 +0
7271 4131 +0
7395 4131 +0
3303 2209 +0
7271 6177 +0
7395 6177 +0
3303 2083 +0
7271 2083 +0
7395 2083 +0
7395 2209 +0
3303 163 +0
7271 4131 +0
7395 4131 +0
7271 99 +0
7395 99 -1
3303 225 +1
7271 4193 +0
7395 4193 +0
3303 99 +0
7271 99 +0
7395 99 -1
7395 225 +1
7271 4193 +0
7395 4193 +0
7271 4131 +0
7395 4131 +0
7395 4257 -1
3303 226 +1
7271 4194 +0
7395 4194 +0
3303 2272 +1
7271 6240 +0
7395 6240 +0
3303 2146 +0
7271 2146 +1
7395 2146 +0
7395 2272 +1
3303 225 +1
7271 4193 +0
7395 4193 +0
3303 99 +0
7271 99 +0
7395 99 -1
7395 225 +1
3303 226 +1
7271 4194 +0
7395 4194 +0
7395 4320 +1
7395 4193 +0
3303 2210 +0
7271 6178 +0
7395 6178 +0
7271 2146 +1
7395 2146 +0
3303 2272 +1
7271 6240 +0
7395 6240 +0
3303 2146 +0
7271 2146 +1
7395 2146 +0
7395 2272 +1
7271 6240 +0
7395 6240 +0
7271 6178 +0
7395 6178 +0
7395 6304 +1
3303 2209 +0
7271 6177 +0
7395 6177 +0
3303 2083 +0
7271 2083 +0
7395 2083 +0
7395 2209 +0
3303 2210 +0
7271 6178 +0
7395 6178 +0
7395 6304 +1
7395 6177 +0
7271 2145 +0
7395 2145 +0
7271 2083 +0
7395 2083 +0
7395 2209 +0
7271 2146 +1
7395 2146 +0
7395 2272 +1
7395 2145 +0
98535 225 +1
98535 99 +0
98535 226 +1
229479 131170 +0
229603 131170 -1
229603 131296 +1
229603 131169 +1
98535 65698 +0
98535 65760 +1
98535 65634 +0
98535 65697 +0
98535 65571 +0
98535 65698 +0
229479 196642 +0
229603 196642 -1
229603 196768 +1
229603 196641 -1
229479 65633 +1
229603 65633 +1
229479 65571 +0
229603 65571 -1
229603 65697 +0
229479 65634 +0
229603 65634 -1
229603 65760 +1
229603 65633 +1
3303 1218 +0
7271 5186 +0
7395 5186 +0
3303 3202 +0
7271 7170 +1
7395 7170 +1
7271 3138 +0
7395 3138 +0
3303 1186 +0
7271 5154 +0
7395 5154 +0
7271 1122 +0
7395 1122 +0
7271 5186 +0
7395 5186 +0
3303 1248 +1
7271 5216 +0
7395 5216 +0
3303 3232 +0
7271 7200 +1
7395 7200 +1
7271 3168 +0
7395 3168 +0
3303 1186 +0
7271 5154 +0
7395 5154 +0
3303 3232 +0
7271 7200 +1
7395 7200 +1
3303 3106 +0
7271 3106 -1
7395 3106 -1
7395 3232 -1
3303 1186 +0
7271 5154 +0
7395 5154 +0
7271 1122 +0
7395 1122 +0
3303 1248 +1
7271 5216 +0
7395 5216 +0
3303 1122 +0
7271 1122 +0
7395 1122 +0
7395 1248 +1
7271 5216 +0
7395 5216 +0
7271 5154 +0
7395 5154 +0
7395 5280 -1
3303 3232 +0
7271 7200 +1
7395 7200 +1
7271 3168 +0
7395 3168 +0
7271 7232 +1
7395 7232 +1
3303 3202 +0
7271 7170 +1
7395 7170 +1
7271 3138 +0
7395 3138 +0
3303 3264 +0
7271 7232 +1
7395 7232 +1
3303 3138 +0
7271 3138 +0
7395 3138 +0
7395 3264 +0
7271 7232 +1
7395 7232 +1
7271 7170 +1
7395 7170 +1
7395 7296 +1
7271 3138 +0
7395 3138 +0
7271 3168 +0
7395 3168 +0
7271 3106 -1
7395 3106 -1
7395 3232 -1
3303 1217 +0
7271 5185 +0
7395 5185 +0
3303 3201 +0
7271 7169 +1
7395 7169 +1
7271 3137 +0
7395 3137 +0
3303 1155 +0
7271 5123 +0
7395 5123 -1
3303 3201 +0
7271 7169 +1
7395 7169 +1
3303 3075 +0
7271 3075 +0
7395 3075 +0
7395 3201 +0
3303 1155 +0
7271 5123 +0
7395 5123 -1
7271 1091 +0
7395 1091 +0
3303 1217 +0
7271 5185 +0
7395 5185 +0
3303 1091 +0
7271 1091 +0
7395 1091 +0
7395 1217 +0
7271 5185 +0
7395 5185 +0
7271 5123 +0
7395 5123 -1
7395 5249 -1
3303 1218 +0
7271 5186 +0
7395 5186 +0
3303 3264 +0
7271 7232 +1
7395 7232 +1
3303 3138 +0
7271 3138 +0
7395 3138 +0
7395 3264 +0
3303 1217 +0
7271 5185 +0
7395 5185 +0
3303 1091 +0
7271 1091 +0
7395 1091 +0
7395 1217 +0
3303 1218 +0
7271 5186 +0
7395 5186 +0
7395 5312 +1
7395 5185 +0
3303 3202 +0
7271 7170 +1
7395 7170 +1
7271 3138 +0
7395 3138 +0
3303 3264 +0
7271 7232 +1
7395 7232 +1
3303 3138 +0
7271 3138 +0
7395 3138 +0
7395 3264 +0
7271 7232 +1
7395 7232 +1
7271 7170 +1
7395 7170 +1
7395 7296 +1
3303 3201 +0
7271 7169 +1
7395 7169 +1
3303 3075 +0
7271 3075 +0
7395 3075 +0
7395 3201 +0
3303 3202 +0
7271 7170 +1
7395 7170 +1
7395 7296 +1
7395 7169 +1
7271 3137 +0
7395 3137 +0
7271 3075 +0
7395 3075 +0
7395 3201 +0
7271 3138 +0
7395 3138 +0
7395 3264 +0
7395 3137 +0
3303 1185 +1
7271 5153 +1
7395 5153 +1
7271 1121 +1
7395 1121 +1
7271 5185 +0
7395 5185 +0
3303 1155 +0
7271 5123 +0
7395 5123 -1
7271 1091 +0
7395 1091 +0
3303 1217 +0
7271 5185 +0
7395 5185 +0
3303 1091 +0
7271 1091 +0
7395 1091 +0
7395 1217 +0
7271 5185 +0
7395 5185 +0
7271 5123 +0
7395 5123 -1
7395 5249 -1
7271 1091 +0
7395 1091 +0
7271 1121 +1
7395 1121 +1
7271 1059 +1
7395 1059 +1
7395 1185 +1
3303 1186 +0
7271 5154 +0
7395 5154 +0
7271 1122 +0
7395 1122 +0
3303 1248 +1
7271 5216 +0
7395 5216 +0
3303 1122 +0
7271 1122 +0
7395 1122 +0
7395 1248 +1
7271 5216 +0
7395 5216 +0
7271 5154 +0
7395 5154 +0
7395 5280 -1
3303 1185 +1
7271 5153 +1
7395 5153 +1
3303 1059 +1
7271 1059 +1
7395 1059 +1
7395 1185 +1
3303 1186 +0
7271 5154 +0
7395 5154 +0
7395 5280 -1
7395 5153 +1
7271 1121 +1
7395 1121 +1
7271 1059 +1
7395 1059 +1
7395 1185 +1
7271 1122 +0
7395 1122 +0
7395 1248 +1
7395 1121 +1
7271 5186 +0
7395 5186 +0
7271 5216 +0
7395 5216 +0
7271 5154 +0
7395 5154 +0
7395 5280 -1
7271 5185 +0
7395 5185 +0
7271 5123 +0
7395 5123 -1
7395 5249 -1
7271 5186 +0
7395 5186 +0
7395 5312 +1
7395 5185 +0
105479 37890 +0
232455 164866 +0
236547 164865 +1
105479 7170 +1
232455 134146 +0
236547 134145 +0
105479 70658 +0
232455 197634 +0
236547 197633 +0
232455 68610 +0
236547 68609 +0
98535 32930 +0
229479 163906 +0
229603 163906 +0
98535 98464 +0
229479 229440 +1
229603 229440 +1
98535 98434 +0
98535 98496 +0
98535 98370 +0
229479 98370 +0
229603 98370 +0
229479 98400 +0
229603 98400 +0
229479 98338 +0
229603 98338 +0
229603 98464 +0
98535 32961 +0
98535 32835 +0
98535 32962 +0
229479 163906 +0
229603 163906 +0
229603 164032 +1
229603 163905 +1
98535 98434 +0
98535 98496 +0
98535 98370 +0
98535 98433 +0
98535 98307 +0
98535 98434 +0
229479 229378 +1
229603 229378 +1
229603 229504 +1
229603 229377 +1
229479 98369 +1
229603 98369 +1
229479 98307 +0
229603 98307 +0
229603 98433 +0
229479 98370 +0
229603 98370 +0
229603 98496 +0
229603 98369 +1
105479 38914 +1
232455 165890 +1
236547 165889 +0
105479 102402 +0
232455 229378 +1
236547 229377 +1
232455 100354 +1
236547 100353 +0
98535 32929 +1
229479 163905 +1
229603 163905 +1
98535 32899 +0
98535 32961 +0
98535 32835 +0
229479 32835 +1
229603 32835 +1
229479 32865 +1
229603 32865 +1
229479 32803 +1
229603 32803 +1
229603 32929 +1
98535 32930 +0
98535 32992 +1
98535 32866 +0
98535 32929 +1
98535 32803 +1
98535 32930 +0
229479 163874 +0
229603 163874 +0
229603 164000 -1
229603 163873 +1
229479 32865 +1
229603 32865 +1
229479 32803 +1
229603 32803 +1
229603 32929 +1
229479 32866 +0
229603 32866 +0
229603 32992 +1
229603 32865 +1
105479 37890 +0
232455 164866 +0
236547 164865 +1
232455 35842 +1
236547 35841 +1
229479 163906 +0
229603 163906 +0
229479 163936 +0
229603 163936 +0
229479 163874 +0
229603 163874 +0
229603 164000 -1
229479 163905 +1
229603 163905 +1
229479 163843 +0
229603 163843 +0
229603 163969 -1
229479 163906 +0
229603 163906 +0
229603 164032 +1
229603 163905 +1
232455 165890 +1
236547 165889 +0
7399 5157 -1
7399 4197 +0
7399 6181 +0
7399 2149 +0
7399 5189 +0
7399 7173 -1
7399 3141 +0
7399 5157 -1
7399 1125 +0
7399 5189 +0
229607 163909 +0
7399 5127 -1
7399 4167 +0
7399 6151 -1
7399 2119 +0
7399 5189 +0
7399 4167 +0
7399 6213 +0
7399 2119 +0
7399 2245 +0
7399 5189 +0
7399 7173 -1
7399 3141 +0
7399 5127 -1
7399 7173 -1
7399 3079 -1
7399 3205 +0
7399 5127 -1
7399 1095 +0
7399 5189 +0
7399 1095 +0
7399 1221 +0
7399 5189 +0
7399 5127 -1
7399 5253 -1
7399 4167 +0
7399 6151 -1
7399 2119 +0
7399 4135 +0
7399 103 -1
7399 4167 +0
7399 4197 +0
7399 6181 +0
7399 2149 +0
7399 4135 +0
7399 6181 +0
7399 2087 +0
7399 2213 +0
7399 4135 +0
7399 103 -1
7399 4197 +0
7399 103 -1
7399 229 -1
7399 4197 +0
7399 4135 +0
7399 4261 -1
7399 6181 +0
7399 2149 +0
7399 6213 +0
7399 6151 -1
7399 2119 +0
7399 6213 +0
7399 2119 +0
7399 2245 +0
7399 6213 +0
7399 6151 -1
7399 6277 +1
7399 2119 +0
7399 2149 +0
7399 2087 +0
7399 2213 +0
229607 131143 -1
229607 196677 -1
229607 65607 -1
229607 65637 -1
229607 65575 -1
229607 65701 +0
7399 5158 +0
7399 4198 +0
7399 6182 +0
7399 2150 +0
7399 5220 +0
7399 4198 +0
7399 6244 +0
7399 2150 +0
7399 2276 +0
7399 5220 +0
7399 7204 +0
7399 3172 +0
7399 5158 +0
7399 7204 +0
7399 3110 -1
7399 3236 -1
7399 5158 +0
7399 1126 +0
7399 5220 +0
7399 1126 +0
7399 1252 +0
7399 5220 +0
7399 5158 +0
7399 5284 -1
7399 5157 -1
7399 4135 +0
7399 6181 +0
7399 2087 +0
7399 2213 +0
7399 5158 +0
7399 7204 +0
7399 3110 -1
7399 3236 -1
7399 5157 -1
7399 1063 +1
7399 1189 +0
7399 5158 +0
7399 5284 -1
7399 5157 -1
229607 163878 +0
229607 164004 -1
229607 163877 +0
7399 4197 +0
7399 6181 +0
7399 2149 +0
7399 4135 +0
7399 6181 +0
7399 2087 +0
7399 2213 +0
7399 4135 +0
7399 103 -1
7399 4197 +0
7399 103 -1
7399 229 -1
7399 4197 +0
7399 4135 +0
7399 4261 -1
7399 4198 +0
7399 6244 +0
7399 2150 +0
7399 2276 +0
7399 4197 +0
7399 103 -1
7399 229 -1
7399 4198 +0
7399 4324 +1
7399 4197 +0
7399 6182 +0
7399 2150 +0
7399 6244 +0
7399 2150 +0
7399 2276 +0
7399 6244 +0
7399 6182 +0
7399 6308 +1
7399 6181 +0
7399 2087 +0
7399 2213 +0
7399 6182 +0
7399 6308 +1
7399 6181 +0
7399 2149 +0
7399 2087 +0
7399 2213 +0
7399 2150 +0
7399 2276 +0
7399 2149 +0
229607 131174 -1
229607 131300 +1
229607 131173 -1
229607 196646 -1
229607 196772 +1
229607 196645 -1
229607 65637 -1
229607 65575 -1
229607 65701 +0
229607 65638 -1
229607 65764 +0
229607 65637 -1
7399 5190 +0
7399 7174 -1
7399 3142 +0
7399 5158 +0
7399 1126 +0
7399 5190 +0
7399 5220 +0
7399 7204 +0
7399 3172 +0
7399 5158 +0
7399 7204 +0
7399 3110 -1
7399 3236 -1
7399 5158 +0
7399 1126 +0
7399 5220 +0
7399 1126 +0
7399 1252 +0
7399 5220 +0
7399 5158 +0
7399 5284 -1
7399 7204 +0
7399 3172 +0
7399 7236 +0
7399 7174 -1
7399 3142 +0
7399 7236 +0
7399 3142 +0
7399 3268 +0
7399 7236 +0
7399 7174 -1
7399 7300 +1
7399 3142 +0
7399 3172 +0
7399 3110 -1
7399 3236 -1
7399 5189 +0
7399 7173 -1
7399 3141 +0
7399 5127 -1
7399 7173 -1
7399 3079 -1
7399 3205 +0
7399 5127 -1
7399 1095 +0
7399 5189 +0
7399 1095 +0
7399 1221 +0
7399 5189 +0
7399 5127 -1
7399 5253 -1
7399 5190 +0
7399 7236 +0
7399 3142 +0
7399 3268 +0
7399 5189 +0
7399 1095 +0
7399 1221 +0
7399 5190 +0
7399 5316 +1
7399 5189 +0
7399 7174 -1
7399 3142 +0
7399 7236 +0
7399 3142 +0
7399 3268 +0
7399 7236 +0
7399 7174 -1
7399 7300 +1
7399 7173 -1
7399 3079 -1
7399 3205 +0
7399 7174 -1
7399 7300 +1
7399 7173 -1
7399 3141 +0
7399 3079 -1
7399 3205 +0
7399 3142 +0
7399 3268 +0
7399 3141 +0
7399 5157 -1
7399 1125 +0
7399 5189 +0
7399 5127 -1
7399 1095 +0
7399 5189 +0
7399 1095 +0
7399 1221 +0
7399 5189 +0
7399 5127 -1
7399 5253 -1
7399 1095 +0
7399 1125 +0
7399 1063 +1
7399 1189 +0
7399 5158 +0
7399 1126 +0
7399 5220 +0
7399 1126 +0
7399 1252 +0
7399 5220 +0
7399 5158 +0
7399 5284 -1
7399 5157 -1
7399 1063 +1
7399 1189 +0
7399 5158 +0
7399 5284 -1
7399 5157 -1
7399 1125 +0
7399 1063 +1
7399 1189 +0
7399 1126 +0
7399 1252 +0
7399 1125 +0
7399 5190 +0
7399 5220 +0
7399 5158 +0
7399 5284 -1
7399 5189 +0
7399 5127 -1
7399 5253 -1
7399 5190 +0
7399 5316 +1
7399 5189 +0
236551 164869 +0
236551 134149 +0
236551 197637 +0
236551 68613 +0
229607 163910 +0
229607 229444 +0
229607 98374 +0
229607 98404 +0
229607 98342 +0
229607 98468 +0
229607 163910 +0
229607 164036 +1
229607 163909 +0
229607 229382 -1
229607 229508 +1
229607 229381 -1
229607 98373 +0
229607 98311 -1
229607 98437 +0
229607 98374 +0
229607 98500 +0
229607 98373 +0
236551 165893 +0
236551 229381 -1
236551 100357 +0
229607 163909 +0
229607 32839 +1
229607 32869 +1
229607 32807 +1
229607 32933 +0
229607 163878 +0
229607 164004 -1
229607 163877 +0
229607 32869 +1
229607 32807 +1
229607 32933 +0
229607 32870 +0
229607 32996 +0
229607 32869 +1
236551 164869 +0
236551 35845 +1
229607 163910 +0
229607 163940 +0
229607 163878 +0
229607 164004 -1
229607 163909 +0
229607 163847 -1
229607 163973 -1
229607 163910 +0
229607 164036 +1
229607 163909 +0
236551 165893 +0
