# gale's game: 4x4 FOUR in a row (m,n,k = 4,4,4), no gravity,
# a stone may be placed in any empty cell.  Five in a row is impossible
# on a 4x4 grid -- the longest line is 4 -- and is not this game.
#
# value    : +1 the SIDE TO MOVE wins with best play, 0 draw, -1 loses.
#           This table covers every ply, so the side to move alternates:
#           even ply -> P0 to move, odd ply -> P1 to move.  The ply is
#           popcount(p0|p1), so a reader can recover it from the boards.
#           The P0-perspective value is value for an even ply and
#           -value for an odd ply.
# horizon  : NONE.  The board is 16 cells, so the search always reaches
#           the end of the game.  Every row is exact.
# legality : the game has not already ended -- neither side has four in
#           a row and the board is not full.  Terminal positions are
#           excluded and counted separately in the manifest.
# order    : lexicographic in the first cell-index sequence that reaches
#           the position, cell indices 0..15 row-major from the top
#           left.  Deduplicated on the position itself.
# fields   : p0 p1 value -- p0 and p1 are the 16-bit boards in unsigned
#           decimal (bit i is cell i), value in {-1,0,+1}.
# digest   : FNV-1a 64 over the data lines of all ply files in ply order,
#           terminating newlines included, '#' lines excluded.
42325 23210 0
11605 53930 0
26965 38570 0
43349 22186 0
57685 7850 0
41813 23722 0
50005 15530 0
19285 46250 0
35669 29866 0
11093 54442 0
34645 30890 0
38485 27050 0
42581 22954 0
36437 29098 0
11861 53674 0
7765 57770 0
23125 42410 0
39509 26026 0
14933 50602 0
27221 38314 0
43605 21930 0
51797 13738 0
45653 19882 0
53845 11690 0
57941 7594 0
15445 50090 0
44117 21418 0
46165 19370 0
30805 34730 0
47189 18346 0
59477 6058 0
13525 52010 0
42197 23338 0
11477 54058 0
14549 50986 0
26837 38698 0
43221 22314 0
21205 44330 0
37589 27946 0
13013 52522 0
25301 40234 0
41685 23850 0
49877 15658 0
19157 46378 0
35541 29994 0
10965 54570 0
6869 58666 0
34517 31018 0
9941 55594 0
5845 59690 0
25045 40490 0
41429 24106 0
10709 54826 0
9685 55850 0
17365 48170 0
33749 31786 0
9173 56362 0
25493 40042 0
41877 23658 0
50069 15466 0
19349 46186 0
35733 29802 0
11157 54378 0
18325 47210 0
34709 30826 0
10133 55402 0
22165 43370 0
38549 26986 0
13973 51562 0
26261 39274 0
42645 22890 0
50837 14698 0
20117 45418 0
36501 29034 0
11925 53610 0
7829 57706 0
23189 42346 0
39573 25962 0
14997 50538 0
27285 38250 0
43669 21866 0
51861 13674 0
29333 36202 0
45717 19818 0
53909 11626 0
58005 7530 0
15509 50026 0
29845 35690 0
46229 19306 0
30869 34666 0
47253 18282 0
42773 22762 0
50965 14570 0
27413 38122 0
43797 21738 0
51989 13546 0
58133 7402 0
24085 41450 0
40469 25066 0
15893 49642 0
28181 37354 0
44565 20970 0
52757 12778 0
46613 18922 0
54805 10730 0
58901 6634 0
31253 34282 0
47637 17898 0
55829 9706 0
59925 5610 0
31765 33770 0
48149 17386 0
41781 23754 0
49973 15562 0
19253 46282 0
35637 29898 0
11061 54474 0
20021 45514 0
11829 53706 0
7733 57802 0
23093 42442 0
39477 26058 0
14901 50634 0
27189 38346 0
43573 21962 0
51765 13770 0
45621 19914 0
53813 11722 0
57909 7626 0
23605 41930 0
15413 50122 0
30773 34762 0
47157 18378 0
55349 10186 0
21685 43850 0
13493 52042 0
7349 58186 0
22709 42826 0
39093 26442 0
14517 51018 0
21173 44362 0
37557 27978 0
12981 52554 0
25269 40266 0
41653 23882 0
49845 15690 0
19125 46410 0
35509 30026 0
10933 54602 0
6837 58698 0
18101 47434 0
9909 55626 0
5813 59722 0
17333 48202 0
33717 31818 0
9141 56394 0
11381 54154 0
7285 58250 0
22645 42890 0
39029 26506 0
14453 51082 0
26741 38794 0
43125 22410 0
51317 14218 0
37493 28042 0
41589 23946 0
49781 15754 0
19061 46474 0
35445 30090 0
10869 54666 0
6773 58762 0
41333 24202 0
49525 16010 0
18805 46730 0
35189 30346 0
10613 54922 0
33653 31882 0
11621 53914 0
7525 58010 0
22885 42650 0
39269 26266 0
14693 50842 0
26981 38554 0
43365 22170 0
51557 13978 0
45413 20122 0
53605 11930 0
57701 7834 0
37733 27802 0
41829 23706 0
50021 15514 0
19301 46234 0
35685 29850 0
11109 54426 0
7013 58522 0
11877 53658 0
7781 57754 0
23141 42394 0
39525 26010 0
14949 50586 0
27237 38298 0
43621 21914 0
51813 13722 0
45669 19866 0
53861 11674 0
57957 7578 0
15461 50074 0
30821 34714 0
47205 18330 0
55397 10138 0
59493 6042 0
13541 51994 0
11493 54042 0
7397 58138 0
22757 42778 0
39141 26394 0
14565 50970 0
26853 38682 0
43237 22298 0
51429 14106 0
21221 44314 0
37605 27930 0
13029 52506 0
25317 40218 0
41701 23834 0
49893 15642 0
19173 46362 0
35557 29978 0
10981 54554 0
6885 58650 0
9957 55578 0
5861 59674 0
20965 44570 0
37349 28186 0
12773 52762 0
25061 40474 0
41445 24090 0
49637 15898 0
18917 46618 0
35301 30234 0
10725 54810 0
6629 58906 0
9701 55834 0
5605 59930 0
17381 48154 0
33765 31770 0
9189 56346 0
5093 60442 0
21925 43610 0
13733 51802 0
7589 57946 0
22949 42586 0
39333 26202 0
14757 50778 0
29093 36442 0
45477 20058 0
53669 11866 0
21413 44122 0
37797 27738 0
13221 52314 0
25509 40026 0
41893 23642 0
50085 15450 0
19365 46170 0
35749 29786 0
11173 54362 0
7077 58458 0
18341 47194 0
10149 55386 0
6053 59482 0
22181 43354 0
13989 51546 0
26277 39258 0
20133 45402 0
11941 53594 0
7845 57690 0
23205 42330 0
39589 25946 0
15013 50522 0
27301 38234 0
43685 21850 0
51877 13658 0
29349 36186 0
45733 19802 0
53925 11610 0
58021 7514 0
23717 41818 0
15525 50010 0
29861 35674 0
30885 34650 0
47269 18266 0
55461 10074 0
23333 42202 0
39717 25818 0
15141 50394 0
27429 38106 0
43813 21722 0
52005 13530 0
45861 19674 0
54053 11482 0
58149 7386 0
23845 41690 0
15653 49882 0
31013 34522 0
47397 18138 0
55589 9946 0
24101 41434 0
15909 49626 0
28197 37338 0
31269 34266 0
47653 17882 0
55845 9690 0
59941 5594 0
31781 33754 0
13765 51770 0
42437 23098 0
11717 53818 0
14789 50746 0
27077 38458 0
43461 22074 0
29125 36410 0
45509 20026 0
57797 7738 0
21445 44090 0
37829 27706 0
13253 52282 0
25541 39994 0
41925 23610 0
50117 15418 0
19397 46138 0
35781 29754 0
11205 54330 0
7109 58426 0
34757 30778 0
10181 55354 0
6085 59450 0
38597 26938 0
14021 51514 0
42693 22842 0
36549 28986 0
11973 53562 0
7877 57658 0
23237 42298 0
39621 25914 0
15045 50490 0
27333 38202 0
43717 21818 0
51909 13626 0
29381 36154 0
45765 19770 0
53957 11578 0
58053 7482 0
15557 49978 0
44229 21306 0
46277 19258 0
30917 34618 0
47301 18234 0
59589 5946 0
38725 26810 0
42821 22714 0
23365 42170 0
39749 25786 0
15173 50362 0
27461 38074 0
43845 21690 0
52037 13498 0
45893 19642 0
54085 11450 0
58181 7354 0
15685 49850 0
44357 21178 0
46405 19130 0
31045 34490 0
47429 18106 0
59717 5818 0
40517 25018 0
15941 49594 0
44613 20922 0
46661 18874 0
31301 34234 0
47685 17850 0
55877 9658 0
59973 5562 0
48197 17338 0
22405 43130 0
38789 26746 0
14213 51322 0
26501 39034 0
42885 22650 0
51077 14458 0
23429 42106 0
39813 25722 0
15237 50298 0
27525 38010 0
43909 21626 0
52101 13434 0
29573 35962 0
45957 19578 0
54149 11386 0
58245 7290 0
15749 49786 0
30085 35450 0
46469 19066 0
31109 34426 0
47493 18042 0
24197 41338 0
40581 24954 0
16005 49530 0
28293 37242 0
44677 20858 0
52869 12666 0
30341 35194 0
46725 18810 0
54917 10618 0
59013 6522 0
31365 34170 0
47749 17786 0
55941 9594 0
60037 5498 0
31877 33658 0
48261 17274 0
13645 51890 0
42317 23218 0
11597 53938 0
14669 50866 0
26957 38578 0
43341 22194 0
29005 36530 0
45389 20146 0
57677 7858 0
25421 40114 0
41805 23730 0
49997 15538 0
19277 46258 0
35661 29874 0
11085 54450 0
34637 30898 0
10061 55474 0
42573 22962 0
36429 29106 0
11853 53682 0
27213 38322 0
43597 21938 0
51789 13746 0
57933 7602 0
15437 50098 0
44109 21426 0
46157 19378 0
30797 34738 0
47181 18354 0
59469 6066 0
13517 52018 0
42189 23346 0
11469 54066 0
14541 50994 0
26829 38706 0
25293 40242 0
41677 23858 0
49869 15666 0
19149 46386 0
10957 54578 0
34509 31026 0
9933 55602 0
12749 52786 0
25037 40498 0
41421 24114 0
10701 54834 0
9677 55858 0
17357 48178 0
33741 31794 0
9165 56370 0
13709 51826 0
25997 39538 0
42381 23154 0
11661 53874 0
14733 50802 0
27021 38514 0
29069 36466 0
45453 20082 0
57741 7794 0
21389 44146 0
37773 27762 0
13197 52338 0
25485 40050 0
41869 23666 0
50061 15474 0
19341 46194 0
11149 54386 0
7053 58482 0
18317 47218 0
34701 30834 0
10125 55410 0
6029 59506 0
22157 43378 0
38541 26994 0
13965 51570 0
26253 39282 0
42637 22898 0
50829 14706 0
20109 45426 0
11917 53618 0
7821 57714 0
23181 42354 0
14989 50546 0
27277 38258 0
29325 36210 0
45709 19826 0
53901 11634 0
57997 7538 0
15501 50034 0
27789 37746 0
29837 35698 0
46221 19314 0
58509 7026 0
30861 34674 0
21805 43730 0
13613 51922 0
25901 39634 0
19757 45778 0
11565 53970 0
7469 58066 0
22829 42706 0
39213 26322 0
14637 50898 0
26925 38610 0
43309 22226 0
51501 14034 0
28973 36562 0
45357 20178 0
53549 11986 0
57645 7890 0
21293 44242 0
37677 27858 0
13101 52434 0
25389 40146 0
41773 23762 0
49965 15570 0
19245 46290 0
35629 29906 0
11053 54482 0
6957 58578 0
18221 47314 0
10029 55506 0
5933 59602 0
22061 43474 0
13869 51666 0
26157 39378 0
20013 45522 0
11821 53714 0
7725 57810 0
23085 42450 0
39469 26066 0
14893 50642 0
27181 38354 0
43565 21970 0
51757 13778 0
29229 36306 0
45613 19922 0
53805 11730 0
57901 7634 0
23597 41938 0
15405 50130 0
27693 37842 0
29741 35794 0
30765 34770 0
47149 18386 0
55341 10194 0
59437 6098 0
21677 43858 0
13485 52050 0
25773 39762 0
19629 45906 0
11437 54098 0
7341 58194 0
22701 42834 0
14509 51026 0
26797 38738 0
21165 44370 0
37549 27986 0
12973 52562 0
25261 40274 0
41645 23890 0
49837 15698 0
19117 46418 0
10925 54610 0
6829 58706 0
18093 47442 0
9901 55634 0
5805 59730 0
20909 44626 0
37293 28242 0
12717 52818 0
25005 40530 0
41389 24146 0
49581 15954 0
18861 46674 0
10669 54866 0
6573 58962 0
17837 47698 0
9645 55890 0
5549 59986 0
17325 48210 0
33709 31826 0
9133 56402 0
5037 60498 0
13421 52114 0
11373 54162 0
7277 58258 0
22637 42898 0
39021 26514 0
14445 51090 0
26733 38802 0
43117 22418 0
51309 14226 0
25197 40338 0
41581 23954 0
49773 15762 0
19053 46482 0
35437 30098 0
10861 54674 0
9837 55698 0
20845 44690 0
37229 28306 0
12653 52882 0
24941 40594 0
41325 24210 0
49517 16018 0
18797 46738 0
35181 30354 0
10605 54930 0
6509 59026 0
9581 55954 0
5485 60050 0
17261 48274 0
33645 31890 0
9069 56466 0
18669 46866 0
10477 55058 0
6381 59154 0
9453 56082 0
5357 60178 0
17133 48402 0
33517 32018 0
8941 56594 0
16877 48658 0
33261 32274 0
8685 56850 0
4589 60946 0
25885 39650 0
42269 23266 0
11549 53986 0
26909 38626 0
43293 22242 0
57629 7906 0
25373 40162 0
41757 23778 0
49949 15586 0
19229 46306 0
35613 29922 0
11037 54498 0
18205 47330 0
34589 30946 0
10013 55522 0
22045 43490 0
38429 27106 0
13853 51682 0
26141 39394 0
42525 23010 0
50717 14818 0
19997 45538 0
36381 29154 0
11805 53730 0
7709 57826 0
23069 42466 0
39453 26082 0
14877 50658 0
27165 38370 0
43549 21986 0
51741 13794 0
29213 36322 0
45597 19938 0
53789 11746 0
57885 7650 0
15389 50146 0
27677 37858 0
44061 21474 0
29725 35810 0
46109 19426 0
58397 7138 0
30749 34786 0
47133 18402 0
59421 6114 0
13469 52066 0
25757 39778 0
42141 23394 0
11421 54114 0
14493 51042 0
26781 38754 0
21149 44386 0
37533 28002 0
12957 52578 0
25245 40290 0
41629 23906 0
49821 15714 0
19101 46434 0
10909 54626 0
6813 58722 0
18077 47458 0
34461 31074 0
9885 55650 0
5789 59746 0
24989 40546 0
41373 24162 0
10653 54882 0
9629 55906 0
17309 48226 0
33693 31842 0
9117 56418 0
13405 52130 0
42077 23458 0
11357 54178 0
14429 51106 0
26717 38818 0
43101 22434 0
25181 40354 0
41565 23970 0
49757 15778 0
19037 46498 0
35421 30114 0
10845 54690 0
34397 31138 0
9821 55714 0
24925 40610 0
41309 24226 0
10589 54946 0
9565 55970 0
17245 48290 0
33629 31906 0
9053 56482 0
10461 55074 0
9437 56098 0
17117 48418 0
33501 32034 0
8925 56610 0
8669 56866 0
21565 43970 0
13373 52162 0
25661 39874 0
19517 46018 0
11325 54210 0
7229 58306 0
22589 42946 0
38973 26562 0
14397 51138 0
26685 38850 0
43069 22466 0
51261 14274 0
21053 44482 0
37437 28098 0
12861 52674 0
25149 40386 0
41533 24002 0
49725 15810 0
19005 46530 0
35389 30146 0
10813 54722 0
6717 58818 0
17981 47554 0
9789 55746 0
5693 59842 0
24893 40642 0
41277 24258 0
49469 16066 0
18749 46786 0
35133 30402 0
10557 54978 0
17725 47810 0
9533 56002 0
17213 48322 0
33597 31938 0
9021 56514 0
18621 46914 0
10429 55106 0
6333 59202 0
17597 47938 0
9405 56130 0
5309 60226 0
17085 48450 0
33469 32066 0
8893 56642 0
4797 60738 0
16829 48706 0
33213 32322 0
8637 56898 0
18557 46978 0
34941 30594 0
10365 55170 0
6269 59266 0
9341 56194 0
5245 60290 0
17021 48514 0
33405 32130 0
8829 56706 0
16765 48770 0
33149 32386 0
8573 56962 0
25945 39590 0
42329 23206 0
11609 53926 0
26969 38566 0
43353 22182 0
57689 7846 0
25433 40102 0
41817 23718 0
50009 15526 0
19289 46246 0
35673 29862 0
11097 54438 0
18265 47270 0
34649 30886 0
10073 55462 0
26201 39334 0
42585 22950 0
50777 14758 0
20057 45478 0
36441 29094 0
11865 53670 0
27225 38310 0
43609 21926 0
51801 13734 0
57945 7590 0
15449 50086 0
27737 37798 0
44121 21414 0
29785 35750 0
46169 19366 0
58457 7078 0
30809 34726 0
47193 18342 0
59481 6054 0
13529 52006 0
25817 39718 0
42201 23334 0
11481 54054 0
14553 50982 0
26841 38694 0
25305 40230 0
41689 23846 0
49881 15654 0
19161 46374 0
10969 54566 0
18137 47398 0
34521 31014 0
9945 55590 0
25049 40486 0
41433 24102 0
10713 54822 0
9689 55846 0
17369 48166 0
33753 31782 0
9177 56358 0
26009 39526 0
42393 23142 0
11673 53862 0
27033 38502 0
57753 7782 0
25497 40038 0
50073 15462 0
19353 46182 0
18329 47206 0
34713 30822 0
10137 55398 0
22169 43366 0
38553 26982 0
13977 51558 0
26265 39270 0
42649 22886 0
50841 14694 0
20121 45414 0
11929 53606 0
7833 57702 0
23193 42342 0
27289 38246 0
29337 36198 0
53913 11622 0
58009 7526 0
15513 50022 0
27801 37734 0
29849 35686 0
46233 19302 0
58521 7014 0
30873 34662 0
26393 39142 0
42777 22758 0
50969 14566 0
27417 38118 0
51993 13542 0
58137 7398 0
27929 37606 0
44313 21222 0
58649 6886 0
59673 5862 0
24089 41446 0
40473 25062 0
15897 49638 0
28185 37350 0
44569 20966 0
52761 12774 0
30233 35302 0
46617 18918 0
54809 10726 0
58905 6630 0
31257 34278 0
55833 9702 0
59929 5606 0
31769 33766 0
48153 17382 0
60441 5094 0
25913 39622 0
19769 45766 0
11577 53958 0
26937 38598 0
51513 14022 0
57657 7878 0
25401 40134 0
49977 15558 0
19257 46278 0
18233 47302 0
10041 55494 0
22073 43462 0
13881 51654 0
26169 39366 0
20025 45510 0
11833 53702 0
7737 57798 0
23097 42438 0
27193 38342 0
51769 13766 0
29241 36294 0
53817 11718 0
57913 7622 0
23609 41926 0
15417 50118 0
27705 37830 0
29753 35782 0
30777 34758 0
55353 10182 0
59449 6086 0
21689 43846 0
13497 52038 0
25785 39750 0
19641 45894 0
11449 54086 0
7353 58182 0
22713 42822 0
26809 38726 0
21177 44358 0
25273 40262 0
49849 15686 0
19129 46406 0
18105 47430 0
9913 55622 0
5817 59718 0
25017 40518 0
49593 15942 0
18873 46662 0
17849 47686 0
9657 55878 0
17337 48198 0
21625 43910 0
13433 52102 0
25721 39814 0
19577 45958 0
11385 54150 0
7289 58246 0
22649 42886 0
39033 26502 0
14457 51078 0
26745 38790 0
43129 22406 0
51321 14214 0
25209 40326 0
41593 23942 0
49785 15750 0
19065 46470 0
35449 30086 0
10873 54662 0
18041 47494 0
9849 55686 0
24953 40582 0
41337 24198 0
49529 16006 0
18809 46726 0
35193 30342 0
10617 54918 0
17785 47750 0
9593 55942 0
17273 48262 0
33657 31878 0
9081 56454 0
21865 43670 0
13673 51862 0
25961 39574 0
19817 45718 0
11625 53910 0
7529 58006 0
22889 42646 0
39273 26262 0
14697 50838 0
26985 38550 0
43369 22166 0
51561 13974 0
29033 36502 0
45417 20118 0
53609 11926 0
57705 7830 0
25449 40086 0
41833 23702 0
50025 15510 0
19305 46230 0
35689 29846 0
11113 54422 0
18281 47254 0
10089 55446 0
26217 39318 0
20073 45462 0
11881 53654 0
27241 38294 0
43625 21910 0
51817 13718 0
57961 7574 0
23657 41878 0
15465 50070 0
27753 37782 0
29801 35734 0
30825 34710 0
47209 18326 0
55401 10134 0
59497 6038 0
21737 43798 0
13545 51990 0
25833 39702 0
19689 45846 0
11497 54038 0
7401 58134 0
22761 42774 0
14569 50966 0
26857 38678 0
25321 40214 0
41705 23830 0
49897 15638 0
19177 46358 0
10985 54550 0
18153 47382 0
9961 55574 0
20969 44566 0
37353 28182 0
12777 52758 0
25065 40470 0
41449 24086 0
49641 15894 0
18921 46614 0
10729 54806 0
6633 58902 0
17897 47638 0
9705 55830 0
5609 59926 0
17385 48150 0
33769 31766 0
9193 56342 0
21929 43606 0
13737 51798 0
26025 39510 0
19881 45654 0
11689 53846 0
7593 57942 0
22953 42582 0
27049 38486 0
29097 36438 0
53673 11862 0
57769 7766 0
21417 44118 0
25513 40022 0
50089 15446 0
19369 46166 0
18345 47190 0
10153 55382 0
6057 59478 0
22185 43350 0
13993 51542 0
26281 39254 0
20137 45398 0
11945 53590 0
7849 57686 0
23209 42326 0
27305 38230 0
29353 36182 0
53929 11606 0
58025 7510 0
23721 41814 0
15529 50006 0
27817 37718 0
29865 35670 0
30889 34646 0
22313 43222 0
14121 51414 0
26409 39126 0
23337 42198 0
27433 38102 0
52009 13526 0
29481 36054 0
54057 11478 0
58153 7382 0
23849 41686 0
15657 49878 0
27945 37590 0
29993 35542 0
31017 34518 0
55593 9942 0
59689 5846 0
24105 41430 0
15913 49622 0
28201 37334 0
30249 35286 0
31273 34262 0
55849 9686 0
59945 5590 0
31785 33750 0
13769 51766 0
26057 39478 0
42441 23094 0
11721 53814 0
14793 50742 0
27081 38454 0
29129 36406 0
45513 20022 0
57801 7734 0
25545 39990 0
41929 23606 0
50121 15414 0
19401 46134 0
11209 54326 0
18377 47158 0
34761 30774 0
10185 55350 0
26313 39222 0
42697 22838 0
50889 14646 0
20169 45366 0
11977 53558 0
27337 38198 0
58057 7478 0
15561 49974 0
27849 37686 0
29897 35638 0
46281 19254 0
58569 6966 0
30921 34614 0
26441 39094 0
42825 22710 0
51017 14518 0
27465 38070 0
43849 21686 0
52041 13494 0
58185 7350 0
15689 49846 0
27977 37558 0
44361 21174 0
30025 35510 0
46409 19126 0
58697 6838 0
31049 34486 0
47433 18102 0
59721 5814 0
28233 37302 0
44617 20918 0
52809 12726 0
58953 6582 0
59977 5558 0
31817 33718 0
48201 17334 0
60489 5046 0
22409 43126 0
38793 26742 0
14217 51318 0
26505 39030 0
42889 22646 0
51081 14454 0
23433 42102 0
27529 38006 0
29577 35958 0
54153 11382 0
58249 7286 0
15753 49782 0
28041 37494 0
30089 35446 0
46473 19062 0
58761 6774 0
31113 34422 0
24201 41334 0
16009 49526 0
28297 37238 0
30345 35190 0
46729 18806 0
54921 10614 0
59017 6518 0
31369 34166 0
31881 33654 0
19825 45710 0
11633 53902 0
26993 38542 0
43377 22158 0
51569 13966 0
57713 7822 0
41841 23694 0
50033 15502 0
19313 46222 0
35697 29838 0
11121 54414 0
20081 45454 0
11889 53646 0
7793 57742 0
23153 42382 0
39537 25998 0
14961 50574 0
27249 38286 0
43633 21902 0
51825 13710 0
45681 19854 0
53873 11662 0
57969 7566 0
23665 41870 0
15473 50062 0
27761 37774 0
30833 34702 0
47217 18318 0
55409 10126 0
59505 6030 0
25521 40014 0
50097 15438 0
19377 46158 0
18353 47182 0
10161 55374 0
22193 43342 0
14001 51534 0
26289 39246 0
20145 45390 0
11953 53582 0
7857 57678 0
23217 42318 0
27313 38222 0
51889 13646 0
29361 36174 0
53937 11598 0
58033 7502 0
23729 41806 0
15537 49998 0
29873 35662 0
30897 34638 0
55473 10062 0
27441 38094 0
52017 13518 0
58161 7374 0
24113 41422 0
15921 49614 0
28209 37326 0
31281 34254 0
55857 9678 0
59953 5582 0
31793 33742 0
26065 39470 0
42449 23086 0
11729 53806 0
27089 38446 0
43473 22062 0
57809 7726 0
25553 39982 0
41937 23598 0
50129 15406 0
19409 46126 0
35793 29742 0
11217 54318 0
18385 47150 0
34769 30766 0
10193 55342 0
22225 43310 0
38609 26926 0
14033 51502 0
26321 39214 0
42705 22830 0
50897 14638 0
20177 45358 0
36561 28974 0
11985 53550 0
7889 57646 0
23249 42286 0
39633 25902 0
15057 50478 0
27345 38190 0
43729 21806 0
51921 13614 0
29393 36142 0
45777 19758 0
53969 11566 0
58065 7470 0
15569 49966 0
27857 37678 0
44241 21294 0
29905 35630 0
46289 19246 0
58577 6958 0
30929 34606 0
47313 18222 0
59601 5934 0
42833 22702 0
51025 14510 0
27473 38062 0
43857 21678 0
52049 13486 0
58193 7342 0
27985 37550 0
44369 21166 0
58705 6830 0
59729 5806 0
24145 41390 0
40529 25006 0
15953 49582 0
28241 37294 0
44625 20910 0
52817 12718 0
46673 18862 0
54865 10670 0
58961 6574 0
31313 34222 0
47697 17838 0
55889 9646 0
59985 5550 0
31825 33710 0
48209 17326 0
60497 5038 0
26513 39022 0
42897 22638 0
51089 14446 0
27537 37998 0
52113 13422 0
58257 7278 0
24209 41326 0
40593 24942 0
16017 49518 0
28305 37230 0
44689 20846 0
52881 12654 0
30353 35182 0
46737 18798 0
54929 10606 0
59025 6510 0
31377 34158 0
55953 9582 0
60049 5486 0
31889 33646 0
48273 17262 0
59153 6382 0
60177 5358 0
32273 33262 0
48657 16878 0
56849 8686 0
60945 4590 0
21985 43550 0
13793 51742 0
26081 39454 0
19937 45598 0
11745 53790 0
7649 57886 0
23009 42526 0
39393 26142 0
14817 50718 0
27105 38430 0
43489 22046 0
51681 13854 0
29153 36382 0
45537 19998 0
53729 11806 0
57825 7710 0
21473 44062 0
37857 27678 0
13281 52254 0
25569 39966 0
41953 23582 0
50145 15390 0
19425 46110 0
35809 29726 0
11233 54302 0
7137 58398 0
18401 47134 0
10209 55326 0
6113 59422 0
22241 43294 0
14049 51486 0
26337 39198 0
20193 45342 0
12001 53534 0
7905 57630 0
23265 42270 0
39649 25886 0
15073 50462 0
27361 38174 0
43745 21790 0
51937 13598 0
29409 36126 0
45793 19742 0
53985 11550 0
58081 7454 0
23777 41758 0
15585 49950 0
27873 37662 0
29921 35614 0
30945 34590 0
47329 18206 0
55521 10014 0
59617 5918 0
23393 42142 0
39777 25758 0
15201 50334 0
27489 38046 0
43873 21662 0
52065 13470 0
45921 19614 0
54113 11422 0
58209 7326 0
23905 41630 0
15713 49822 0
28001 37534 0
31073 34462 0
47457 18078 0
55649 9886 0
59745 5790 0
24161 41374 0
15969 49566 0
28257 37278 0
31329 34206 0
47713 17822 0
55905 9630 0
60001 5534 0
31841 33694 0
22433 43102 0
14241 51294 0
26529 39006 0
23457 42078 0
27553 37982 0
52129 13406 0
29601 35934 0
54177 11358 0
58273 7262 0
23969 41566 0
15777 49758 0
30113 35422 0
31137 34398 0
55713 9822 0
24225 41310 0
16033 49502 0
28321 37214 0
30369 35166 0
31393 34142 0
55969 9566 0
60065 5470 0
31905 33630 0
31521 34014 0
56097 9438 0
60193 5342 0
32033 33502 0
32289 33246 0
22465 43070 0
38849 26686 0
14273 51262 0
26561 38974 0
42945 22590 0
51137 14398 0
23489 42046 0
39873 25662 0
15297 50238 0
27585 37950 0
43969 21566 0
52161 13374 0
29633 35902 0
46017 19518 0
54209 11326 0
58305 7230 0
15809 49726 0
28097 37438 0
44481 21054 0
30145 35390 0
46529 19006 0
58817 6718 0
31169 34366 0
47553 17982 0
59841 5694 0
24257 41278 0
40641 24894 0
16065 49470 0
28353 37182 0
44737 20798 0
52929 12606 0
30401 35134 0
46785 18750 0
54977 10558 0
59073 6462 0
31425 34110 0
47809 17726 0
56001 9534 0
60097 5438 0
31937 33598 0
48321 17214 0
60609 4926 0
46913 18622 0
55105 10430 0
59201 6334 0
31553 33982 0
47937 17598 0
56129 9406 0
60225 5310 0
32065 33470 0
48449 17086 0
60737 4798 0
32321 33214 0
48705 16830 0
56897 8638 0
60993 4542 0
30593 34942 0
46977 18558 0
55169 10366 0
59265 6270 0
31617 33918 0
56193 9342 0
60289 5246 0
32129 33406 0
48513 17022 0
32385 33150 0
48769 16766 0
56961 8574 0
61057 4478 0
42323 23212 0
50515 15020 0
19795 45740 0
36179 29356 0
11603 53932 0
26963 38572 0
43347 22188 0
51539 13996 0
57683 7852 0
41811 23724 0
50003 15532 0
19283 46252 0
35667 29868 0
11091 54444 0
34643 30892 0
38483 27052 0
42579 22956 0
50771 14764 0
20051 45484 0
36435 29100 0
11859 53676 0
7763 57772 0
23123 42412 0
39507 26028 0
14931 50604 0
27219 38316 0
43603 21932 0
51795 13740 0
45651 19884 0
53843 11692 0
57939 7596 0
23635 41900 0
40019 25516 0
15443 50092 0
27731 37804 0
44115 21420 0
52307 13228 0
46163 19372 0
54355 11180 0
58451 7084 0
30803 34732 0
47187 18348 0
55379 10156 0
59475 6060 0
21715 43820 0
38099 27436 0
13523 52012 0
25811 39724 0
42195 23340 0
50387 15148 0
19667 45868 0
36051 29484 0
11475 54060 0
7379 58156 0
22739 42796 0
39123 26412 0
14547 50988 0
26835 38700 0
43219 22316 0
51411 14124 0
21203 44332 0
37587 27948 0
13011 52524 0
25299 40236 0
41683 23852 0
49875 15660 0
19155 46380 0
35539 29996 0
10963 54572 0
6867 58668 0
18131 47404 0
34515 31020 0
9939 55596 0
5843 59692 0
25043 40492 0
41427 24108 0
49619 15916 0
18899 46636 0
35283 30252 0
10707 54828 0
17875 47660 0
34259 31276 0
9683 55852 0
17363 48172 0
33747 31788 0
9171 56364 0
25491 40044 0
50067 15468 0
19347 46188 0
18323 47212 0
34707 30828 0
10131 55404 0
22163 43372 0
38547 26988 0
13971 51564 0
26259 39276 0
42643 22892 0
50835 14700 0
20115 45420 0
36499 29036 0
11923 53612 0
7827 57708 0
23187 42348 0
27283 38252 0
51859 13676 0
29331 36204 0
53907 11628 0
58003 7532 0
23699 41836 0
40083 25452 0
15507 50028 0
29843 35692 0
46227 19308 0
54419 11116 0
30867 34668 0
55443 10092 0
42771 22764 0
50963 14572 0
27411 38124 0
51987 13548 0
58131 7404 0
24083 41452 0
40467 25068 0
15891 49644 0
28179 37356 0
44563 20972 0
52755 12780 0
46611 18924 0
54803 10732 0
58899 6636 0
31251 34284 0
55827 9708 0
59923 5612 0
31763 33772 0
48147 17388 0
56339 9196 0
49971 15564 0
19251 46284 0
20019 45516 0
7731 57804 0
23091 42444 0
51763 13772 0
53811 11724 0
23603 41932 0
15411 50124 0
30771 34764 0
55347 10188 0
21683 43852 0
13491 52044 0
7347 58188 0
22707 42828 0
21171 44364 0
49843 15692 0
19123 46412 0
18099 47436 0
5811 59724 0
17331 48204 0
19571 45964 0
11379 54156 0
7283 58252 0
22643 42892 0
39027 26508 0
14451 51084 0
26739 38796 0
43123 22412 0
51315 14220 0
37491 28044 0
49779 15756 0
19059 46476 0
35443 30092 0
6771 58764 0
41331 24204 0
49523 16012 0
18803 46732 0
35187 30348 0
10611 54924 0
33651 31884 0
19811 45724 0
11619 53916 0
7523 58012 0
22883 42652 0
39267 26268 0
14691 50844 0
26979 38556 0
43363 22172 0
51555 13980 0
45411 20124 0
53603 11932 0
57699 7836 0
37731 27804 0
50019 15516 0
19299 46236 0
35683 29852 0
7011 58524 0
20067 45468 0
7779 57756 0
23139 42396 0
39523 26012 0
51811 13724 0
53859 11676 0
23651 41884 0
15459 50076 0
27747 37788 0
30819 34716 0
47203 18332 0
55395 10140 0
59491 6044 0
21731 43804 0
13539 51996 0
25827 39708 0
19683 45852 0
11491 54044 0
7395 58140 0
22755 42780 0
39139 26396 0
14563 50972 0
26851 38684 0
43235 22300 0
51427 14108 0
21219 44316 0
37603 27932 0
49891 15644 0
19171 46364 0
35555 29980 0
6883 58652 0
18147 47388 0
5859 59676 0
20963 44572 0
37347 28188 0
12771 52764 0
25059 40476 0
41443 24092 0
49635 15900 0
18915 46620 0
35299 30236 0
10723 54812 0
6627 58908 0
17891 47644 0
9699 55836 0
5603 59932 0
17379 48156 0
33763 31772 0
5091 60444 0
21923 43612 0
13731 51804 0
7587 57948 0
22947 42588 0
29091 36444 0
53667 11868 0
21411 44124 0
50083 15452 0
19363 46172 0
18339 47196 0
6051 59484 0
22179 43356 0
20131 45404 0
7843 57692 0
23203 42332 0
51875 13660 0
53923 11612 0
23715 41820 0
15523 50012 0
29859 35676 0
30883 34652 0
55459 10076 0
23331 42204 0
52003 13532 0
54051 11484 0
23843 41692 0
15651 49884 0
31011 34524 0
55587 9948 0
24099 41436 0
55843 9692 0
31779 33756 0
21955 43580 0
38339 27196 0
13763 51772 0
26051 39484 0
42435 23100 0
50627 14908 0
19907 45628 0
36291 29244 0
11715 53820 0
7619 57916 0
22979 42556 0
39363 26172 0
14787 50748 0
27075 38460 0
43459 22076 0
51651 13884 0
29123 36412 0
45507 20028 0
53699 11836 0
57795 7740 0
21443 44092 0
37827 27708 0
13251 52284 0
25539 39996 0
41923 23612 0
50115 15420 0
19395 46140 0
35779 29756 0
11203 54332 0
7107 58428 0
18371 47164 0
34755 30780 0
10179 55356 0
6083 59452 0
22211 43324 0
38595 26940 0
14019 51516 0
26307 39228 0
42691 22844 0
50883 14652 0
20163 45372 0
36547 28988 0
11971 53564 0
7875 57660 0
23235 42300 0
39619 25916 0
15043 50492 0
27331 38204 0
43715 21820 0
51907 13628 0
29379 36156 0
45763 19772 0
53955 11580 0
58051 7484 0
23747 41788 0
40131 25404 0
15555 49980 0
27843 37692 0
44227 21308 0
52419 13116 0
29891 35644 0
46275 19260 0
54467 11068 0
58563 6972 0
30915 34620 0
47299 18236 0
55491 10044 0
59587 5948 0
38723 26812 0
42819 22716 0
51011 14524 0
23363 42172 0
39747 25788 0
15171 50364 0
27459 38076 0
43843 21692 0
52035 13500 0
45891 19644 0
54083 11452 0
58179 7356 0
23875 41660 0
40259 25276 0
15683 49852 0
27971 37564 0
44355 21180 0
52547 12988 0
46403 19132 0
54595 10940 0
58691 6844 0
31043 34492 0
47427 18108 0
55619 9916 0
59715 5820 0
24131 41404 0
40515 25020 0
15939 49596 0
28227 37308 0
44611 20924 0
52803 12732 0
46659 18876 0
54851 10684 0
58947 6588 0
31299 34236 0
47683 17852 0
55875 9660 0
59971 5564 0
31811 33724 0
48195 17340 0
56387 9148 0
60483 5052 0
22403 43132 0
38787 26748 0
14211 51324 0
26499 39036 0
42883 22652 0
51075 14460 0
23427 42108 0
27523 38012 0
52099 13436 0
29571 35964 0
54147 11388 0
58243 7292 0
23939 41596 0
40323 25212 0
15747 49788 0
30083 35452 0
46467 19068 0
54659 10876 0
31107 34428 0
55683 9852 0
24195 41340 0
40579 24956 0
16003 49532 0
28291 37244 0
44675 20860 0
52867 12668 0
30339 35196 0
46723 18812 0
54915 10620 0
59011 6524 0
31363 34172 0
55939 9596 0
60035 5500 0
31875 33660 0
48259 17276 0
56451 9084 0
21835 43700 0
38219 27316 0
13643 51892 0
25931 39604 0
42315 23220 0
50507 15028 0
19787 45748 0
36171 29364 0
11595 53940 0
7499 58036 0
22859 42676 0
39243 26292 0
14667 50868 0
26955 38580 0
43339 22196 0
51531 14004 0
29003 36532 0
45387 20148 0
53579 11956 0
57675 7860 0
25419 40116 0
41803 23732 0
49995 15540 0
19275 46260 0
35659 29876 0
11083 54452 0
18251 47284 0
34635 30900 0
10059 55476 0
26187 39348 0
42571 22964 0
50763 14772 0
20043 45492 0
36427 29108 0
11851 53684 0
27211 38324 0
43595 21940 0
51787 13748 0
57931 7604 0
23627 41908 0
40011 25524 0
15435 50100 0
27723 37812 0
44107 21428 0
52299 13236 0
29771 35764 0
46155 19380 0
54347 11188 0
58443 7092 0
30795 34740 0
47179 18356 0
55371 10164 0
59467 6068 0
21707 43828 0
38091 27444 0
13515 52020 0
25803 39732 0
42187 23348 0
50379 15156 0
19659 45876 0
11467 54068 0
7371 58164 0
22731 42804 0
14539 50996 0
26827 38708 0
25291 40244 0
41675 23860 0
49867 15668 0
19147 46388 0
10955 54580 0
18123 47412 0
34507 31028 0
9931 55604 0
20939 44596 0
37323 28212 0
12747 52788 0
25035 40500 0
41419 24116 0
49611 15924 0
18891 46644 0
10699 54836 0
6603 58932 0
17867 47668 0
34251 31284 0
9675 55860 0
5579 59956 0
17355 48180 0
33739 31796 0
9163 56372 0
21899 43636 0
38283 27252 0
13707 51828 0
25995 39540 0
42379 23156 0
50571 14964 0
19851 45684 0
11659 53876 0
7563 57972 0
22923 42612 0
27019 38516 0
29067 36468 0
53643 11892 0
57739 7796 0
21387 44148 0
25483 40052 0
50059 15476 0
19339 46196 0
18315 47220 0
34699 30836 0
10123 55412 0
6027 59508 0
22155 43380 0
38539 26996 0
13963 51572 0
26251 39284 0
42635 22900 0
50827 14708 0
20107 45428 0
11915 53620 0
7819 57716 0
23179 42356 0
27275 38260 0
29323 36212 0
53899 11636 0
57995 7540 0
23691 41844 0
15499 50036 0
27787 37748 0
29835 35700 0
46219 19316 0
54411 11124 0
58507 7028 0
30859 34676 0
21803 43732 0
13611 51924 0
25899 39636 0
19755 45780 0
11563 53972 0
7467 58068 0
22827 42708 0
26923 38612 0
51499 14036 0
28971 36564 0
53547 11988 0
57643 7892 0
21291 44244 0
49963 15572 0
19243 46292 0
18219 47316 0
5931 59604 0
22059 43476 0
20011 45524 0
7723 57812 0
23083 42452 0
51755 13780 0
53803 11732 0
23595 41940 0
15403 50132 0
27691 37844 0
29739 35796 0
30763 34772 0
55339 10196 0
59435 6100 0
21675 43860 0
13483 52052 0
25771 39764 0
19627 45908 0
11435 54100 0
7339 58196 0
22699 42836 0
26795 38740 0
21163 44372 0
49835 15700 0
19115 46420 0
18091 47444 0
5803 59732 0
20907 44628 0
25003 40532 0
49579 15956 0
18859 46676 0
17835 47700 0
9643 55892 0
5547 59988 0
17323 48212 0
21611 43924 0
13419 52116 0
25707 39828 0
19563 45972 0
11371 54164 0
7275 58260 0
22635 42900 0
39019 26516 0
14443 51092 0
26731 38804 0
43115 22420 0
51307 14228 0
49771 15764 0
19051 46484 0
35435 30100 0
18027 47508 0
20843 44692 0
37227 28308 0
12651 52884 0
24939 40596 0
41323 24212 0
49515 16020 0
18795 46740 0
35179 30356 0
10603 54932 0
6507 59028 0
17771 47764 0
9579 55956 0
5483 60052 0
17259 48276 0
33643 31892 0
18667 46868 0
10475 55060 0
6379 59156 0
17643 47892 0
9451 56084 0
5355 60180 0
17131 48404 0
33515 32020 0
16875 48660 0
33259 32276 0
8683 56852 0
4587 60948 0
25883 39652 0
42267 23268 0
50459 15076 0
19739 45796 0
36123 29412 0
11547 53988 0
26907 38628 0
51483 14052 0
57627 7908 0
25371 40164 0
49947 15588 0
19227 46308 0
18203 47332 0
34587 30948 0
10011 55524 0
22043 43492 0
38427 27108 0
13851 51684 0
26139 39396 0
42523 23012 0
50715 14820 0
19995 45540 0
36379 29156 0
11803 53732 0
7707 57828 0
23067 42468 0
27163 38372 0
51739 13796 0
29211 36324 0
53787 11748 0
57883 7652 0
23579 41956 0
39963 25572 0
15387 50148 0
27675 37860 0
44059 21476 0
52251 13284 0
29723 35812 0
46107 19428 0
54299 11236 0
58395 7140 0
30747 34788 0
55323 10212 0
59419 6116 0
21659 43876 0
38043 27492 0
13467 52068 0
25755 39780 0
42139 23396 0
50331 15204 0
19611 45924 0
11419 54116 0
7323 58212 0
22683 42852 0
26779 38756 0
21147 44388 0
25243 40292 0
49819 15716 0
19099 46436 0
18075 47460 0
34459 31076 0
9883 55652 0
5787 59748 0
24987 40548 0
49563 15972 0
18843 46692 0
17819 47716 0
34203 31332 0
9627 55908 0
17307 48228 0
21595 43940 0
37979 27556 0
13403 52132 0
25691 39844 0
42075 23460 0
50267 15268 0
19547 45988 0
35931 29604 0
11355 54180 0
7259 58276 0
22619 42916 0
39003 26532 0
14427 51108 0
26715 38820 0
43099 22436 0
51291 14244 0
25179 40356 0
41563 23972 0
49755 15780 0
19035 46500 0
35419 30116 0
10843 54692 0
18011 47524 0
34395 31140 0
9819 55716 0
24923 40612 0
41307 24228 0
49499 16036 0
18779 46756 0
35163 30372 0
10587 54948 0
17755 47780 0
34139 31396 0
9563 55972 0
17243 48292 0
33627 31908 0
9051 56484 0
18651 46884 0
10459 55076 0
6363 59172 0
17627 47908 0
34011 31524 0
9435 56100 0
5339 60196 0
17115 48420 0
33499 32036 0
8923 56612 0
16859 48676 0
33243 32292 0
8667 56868 0
21563 43972 0
13371 52164 0
25659 39876 0
19515 46020 0
11323 54212 0
7227 58308 0
22587 42948 0
26683 38852 0
51259 14276 0
21051 44484 0
49723 15812 0
19003 46532 0
17979 47556 0
5691 59844 0
24891 40644 0
49467 16068 0
18747 46788 0
17723 47812 0
9531 56004 0
17211 48324 0
18619 46916 0
17595 47940 0
9403 56132 0
5307 60228 0
17083 48452 0
16827 48708 0
18555 46980 0
34939 30596 0
10363 55172 0
6267 59268 0
17531 48004 0
9339 56196 0
5243 60292 0
17019 48516 0
33403 32132 0
16763 48772 0
33147 32388 0
8571 56964 0
38215 27320 0
42311 23224 0
36167 29368 0
11591 53944 0
7495 58040 0
22855 42680 0
39239 26296 0
14663 50872 0
26951 38584 0
43335 22200 0
51527 14008 0
45383 20152 0
53575 11960 0
57671 7864 0
37703 27832 0
41799 23736 0
49991 15544 0
19271 46264 0
35655 29880 0
11079 54456 0
6983 58552 0
34631 30904 0
38471 27064 0
42567 22968 0
36423 29112 0
11847 53688 0
7751 57784 0
23111 42424 0
39495 26040 0
14919 50616 0
27207 38328 0
43591 21944 0
51783 13752 0
45639 19896 0
53831 11704 0
57927 7608 0
40007 25528 0
15431 50104 0
44103 21432 0
46151 19384 0
30791 34744 0
47175 18360 0
55367 10168 0
59463 6072 0
38087 27448 0
13511 52024 0
42183 23352 0
36039 29496 0
11463 54072 0
7367 58168 0
22727 42808 0
39111 26424 0
14535 51000 0
26823 38712 0
43207 22328 0
51399 14136 0
21191 44344 0
37575 27960 0
12999 52536 0
25287 40248 0
41671 23864 0
49863 15672 0
19143 46392 0
35527 30008 0
10951 54584 0
6855 58680 0
34503 31032 0
9927 55608 0
5831 59704 0
20935 44600 0
37319 28216 0
12743 52792 0
25031 40504 0
41415 24120 0
49607 15928 0
18887 46648 0
35271 30264 0
10695 54840 0
6599 58936 0
34247 31288 0
9671 55864 0
5575 59960 0
17351 48184 0
33735 31800 0
9159 56376 0
5063 60472 0
21895 43640 0
38279 27256 0
13703 51832 0
7559 57976 0
22919 42616 0
39303 26232 0
14727 50808 0
29063 36472 0
45447 20088 0
53639 11896 0
21383 44152 0
37767 27768 0
13191 52344 0
25479 40056 0
41863 23672 0
50055 15480 0
19335 46200 0
35719 29816 0
11143 54392 0
7047 58488 0
18311 47224 0
34695 30840 0
10119 55416 0
6023 59512 0
22151 43384 0
38535 27000 0
13959 51576 0
26247 39288 0
42631 22904 0
50823 14712 0
20103 45432 0
36487 29048 0
11911 53624 0
7815 57720 0
23175 42360 0
39559 25976 0
14983 50552 0
27271 38264 0
43655 21880 0
51847 13688 0
29319 36216 0
45703 19832 0
53895 11640 0
57991 7544 0
23687 41848 0
40071 25464 0
15495 50040 0
29831 35704 0
46215 19320 0
54407 11128 0
30855 34680 0
47239 18296 0
55431 10104 0
7463 58072 0
22823 42712 0
39207 26328 0
14631 50904 0
45351 20184 0
53543 11992 0
37671 27864 0
49959 15576 0
19239 46296 0
35623 29912 0
6951 58584 0
20007 45528 0
7719 57816 0
23079 42456 0
39463 26072 0
51751 13784 0
53799 11736 0
23591 41944 0
15399 50136 0
30759 34776 0
47143 18392 0
55335 10200 0
21671 43864 0
13479 52056 0
7335 58200 0
22695 42840 0
39079 26456 0
14503 51032 0
21159 44376 0
37543 27992 0
49831 15704 0
19111 46424 0
35495 30040 0
6823 58712 0
18087 47448 0
5799 59736 0
20903 44632 0
37287 28248 0
12711 52824 0
6567 58968 0
5543 59992 0
17319 48216 0
33703 31832 0
5031 60504 0
11367 54168 0
7271 58264 0
22631 42904 0
39015 26520 0
14439 51096 0
26727 38808 0
43111 22424 0
51303 14232 0
37479 28056 0
49767 15768 0
19047 46488 0
35431 30104 0
6759 58776 0
37223 28312 0
41319 24216 0
49511 16024 0
18791 46744 0
35175 30360 0
10599 54936 0
6503 59032 0
33639 31896 0
18663 46872 0
35047 30488 0
10471 55064 0
6375 59160 0
9447 56088 0
5351 60184 0
17127 48408 0
33511 32024 0
4839 60696 0
16871 48664 0
33255 32280 0
8679 56856 0
4583 60952 0
41751 23784 0
49943 15592 0
19223 46312 0
35607 29928 0
11031 54504 0
34583 30952 0
38423 27112 0
42519 23016 0
50711 14824 0
19991 45544 0
36375 29160 0
11799 53736 0
7703 57832 0
23063 42472 0
39447 26088 0
14871 50664 0
27159 38376 0
43543 21992 0
51735 13800 0
45591 19944 0
53783 11752 0
57879 7656 0
23575 41960 0
39959 25576 0
15383 50152 0
46103 19432 0
54295 11240 0
30743 34792 0
47127 18408 0
55319 10216 0
21655 43880 0
38039 27496 0
13463 52072 0
7319 58216 0
22679 42856 0
39063 26472 0
14487 51048 0
21143 44392 0
37527 28008 0
12951 52584 0
25239 40296 0
41623 23912 0
49815 15720 0
19095 46440 0
35479 30056 0
10903 54632 0
6807 58728 0
18071 47464 0
34455 31080 0
9879 55656 0
5783 59752 0
17303 48232 0
33687 31848 0
9111 56424 0
37975 27560 0
42071 23464 0
35927 29608 0
11351 54184 0
7255 58280 0
22615 42920 0
38999 26536 0
14423 51112 0
26711 38824 0
43095 22440 0
51287 14248 0
37463 28072 0
41559 23976 0
49751 15784 0
19031 46504 0
35415 30120 0
10839 54696 0
6743 58792 0
34391 31144 0
41303 24232 0
49495 16040 0
18775 46760 0
35159 30376 0
10583 54952 0
34135 31400 0
33623 31912 0
18647 46888 0
35031 30504 0
10455 55080 0
6359 59176 0
34007 31528 0
9431 56104 0
5335 60200 0
17111 48424 0
33495 32040 0
8919 56616 0
4823 60712 0
16855 48680 0
33239 32296 0
8663 56872 0
7223 58312 0
22583 42952 0
38967 26568 0
14391 51144 0
37431 28104 0
49719 15816 0
18999 46536 0
35383 30152 0
6711 58824 0
33591 31944 0
6327 59208 0
5303 60232 0
17079 48456 0
33463 32072 0
4791 60744 0
18551 46984 0
34935 30600 0
10359 55176 0
6263 59272 0
33399 32136 0
33143 32392 0
38230 27305 0
42326 23209 0
36182 29353 0
11606 53929 0
7510 58025 0
39254 26281 0
43350 22185 0
51542 13993 0
45398 20137 0
53590 11945 0
57686 7849 0
37718 27817 0
41814 23721 0
50006 15529 0
35670 29865 0
34646 30889 0
38486 27049 0
42582 22953 0
36438 29097 0
11862 53673 0
7766 57769 0
39510 26025 0
43606 21929 0
51798 13737 0
45654 19881 0
53846 11689 0
57942 7593 0
40022 25513 0
15446 50089 0
44118 21417 0
46166 19369 0
47190 18345 0
55382 10153 0
59478 6057 0
38102 27433 0
13526 52009 0
42198 23337 0
36054 29481 0
11478 54057 0
7382 58153 0
39126 26409 0
43222 22313 0
51414 14121 0
37590 27945 0
41686 23849 0
49878 15657 0
35542 29993 0
34518 31017 0
9942 55593 0
5846 59689 0
37334 28201 0
41430 24105 0
49622 15913 0
35286 30249 0
34262 31273 0
9686 55849 0
5590 59945 0
33750 31785 0
21910 43625 0
38294 27241 0
13718 51817 0
7574 57961 0
39318 26217 0
45462 20073 0
53654 11881 0
37782 27753 0
41878 23657 0
50070 15465 0
35734 29801 0
18326 47209 0
34710 30825 0
10134 55401 0
6038 59497 0
22166 43369 0
38550 26985 0
13974 51561 0
26262 39273 0
42646 22889 0
50838 14697 0
20118 45417 0
36502 29033 0
11926 53609 0
7830 57705 0
39574 25961 0
43670 21865 0
51862 13673 0
45718 19817 0
53910 11625 0
58006 7529 0
23702 41833 0
40086 25449 0
15510 50025 0
29846 35689 0
46230 19305 0
54422 11113 0
47254 18281 0
55446 10089 0
38678 26857 0
42774 22761 0
50966 14569 0
39702 25833 0
43798 21737 0
51990 13545 0
45846 19689 0
54038 11497 0
58134 7401 0
23830 41705 0
40214 25321 0
15638 49897 0
46358 19177 0
54550 10985 0
47382 18153 0
55574 9961 0
24086 41449 0
40470 25065 0
15894 49641 0
28182 37353 0
44566 20969 0
52758 12777 0
46614 18921 0
54806 10729 0
58902 6633 0
47638 17897 0
55830 9705 0
59926 5609 0
31766 33769 0
48150 17385 0
56342 9193 0
38198 27337 0
7478 58057 0
22838 42697 0
39222 26313 0
14646 50889 0
45366 20169 0
53558 11977 0
37686 27849 0
49974 15561 0
19254 46281 0
35638 29897 0
6966 58569 0
34614 30921 0
38454 27081 0
50742 14793 0
20022 45513 0
36406 29129 0
7734 57801 0
23094 42441 0
39478 26057 0
51766 13769 0
53814 11721 0
23606 41929 0
39990 25545 0
15414 50121 0
46134 19401 0
54326 11209 0
30774 34761 0
47158 18377 0
55350 10185 0
21686 43849 0
38070 27465 0
13494 52041 0
7350 58185 0
22710 42825 0
39094 26441 0
14518 51017 0
21174 44361 0
37558 27977 0
49846 15689 0
19126 46409 0
35510 30025 0
6838 58697 0
18102 47433 0
34486 31049 0
5814 59721 0
20918 44617 0
37302 28233 0
12726 52809 0
6582 58953 0
5558 59977 0
17334 48201 0
33718 31817 0
5046 60489 0
38006 27529 0
42102 23433 0
35958 29577 0
11382 54153 0
7286 58249 0
22646 42889 0
39030 26505 0
14454 51081 0
26742 38793 0
43126 22409 0
51318 14217 0
37494 28041 0
49782 15753 0
19062 46473 0
35446 30089 0
6774 58761 0
34422 31113 0
37238 28297 0
41334 24201 0
49526 16009 0
18806 46729 0
35190 30345 0
10614 54921 0
6518 59017 0
34166 31369 0
33654 31881 0
38246 27289 0
42342 23193 0
36198 29337 0
11622 53913 0
7526 58009 0
22886 42649 0
39270 26265 0
14694 50841 0
26982 38553 0
43366 22169 0
51558 13977 0
45414 20121 0
53606 11929 0
57702 7833 0
37734 27801 0
50022 15513 0
19302 46233 0
35686 29849 0
7014 58521 0
34662 30873 0
38502 27033 0
7782 57753 0
23142 42393 0
39526 26009 0
53862 11673 0
40038 25497 0
15462 50073 0
46182 19353 0
30822 34713 0
47206 18329 0
55398 10137 0
38118 27417 0
13542 51993 0
7398 58137 0
22758 42777 0
39142 26393 0
14566 50969 0
21222 44313 0
37606 27929 0
6886 58649 0
5862 59673 0
20966 44569 0
37350 28185 0
12774 52761 0
25062 40473 0
41446 24089 0
49638 15897 0
18918 46617 0
35302 30233 0
10726 54809 0
6630 58905 0
34278 31257 0
9702 55833 0
5606 59929 0
17382 48153 0
33766 31769 0
5094 60441 0
21926 43609 0
38310 27225 0
13734 51801 0
7590 57945 0
22950 42585 0
39334 26201 0
14758 50777 0
29094 36441 0
45478 20057 0
53670 11865 0
21414 44121 0
37798 27737 0
50086 15449 0
19366 46169 0
35750 29785 0
7078 58457 0
18342 47193 0
34726 30809 0
6054 59481 0
22182 43353 0
38566 26969 0
7846 57689 0
23206 42329 0
39590 25945 0
53926 11609 0
23718 41817 0
40102 25433 0
15526 50009 0
29862 35673 0
46246 19289 0
54438 11097 0
30886 34649 0
47270 18265 0
55462 10073 0
38694 26841 0
50982 14553 0
23334 42201 0
39718 25817 0
52006 13529 0
54054 11481 0
23846 41689 0
40230 25305 0
15654 49881 0
46374 19161 0
54566 10969 0
31014 34521 0
47398 18137 0
55590 9945 0
24102 41433 0
40486 25049 0
54822 10713 0
55846 9689 0
31782 33753 0
48166 17369 0
56358 9177 0
38342 27193 0
13766 51769 0
42438 23097 0
36294 29241 0
11718 53817 0
7622 57913 0
39366 26169 0
43462 22073 0
51654 13881 0
45510 20025 0
53702 11833 0
57798 7737 0
37830 27705 0
41926 23609 0
50118 15417 0
35782 29753 0
34758 30777 0
10182 55353 0
6086 59449 0
38598 26937 0
14022 51513 0
7878 57657 0
39622 25913 0
45766 19769 0
53958 11577 0
40134 25401 0
15558 49977 0
46278 19257 0
47302 18233 0
55494 10041 0
38726 26809 0
42822 22713 0
39750 25785 0
43846 21689 0
52038 13497 0
45894 19641 0
54086 11449 0
58182 7353 0
40262 25273 0
15686 49849 0
44358 21177 0
46406 19129 0
47430 18105 0
55622 9913 0
59718 5817 0
40518 25017 0
15942 49593 0
46662 18873 0
47686 17849 0
55878 9657 0
48198 17337 0
22406 43129 0
38790 26745 0
14214 51321 0
26502 39033 0
42886 22649 0
51078 14457 0
39814 25721 0
43910 21625 0
52102 13433 0
45958 19577 0
54150 11385 0
58246 7289 0
23942 41593 0
40326 25209 0
15750 49785 0
30086 35449 0
46470 19065 0
54662 10873 0
47494 18041 0
55686 9849 0
24198 41337 0
40582 24953 0
16006 49529 0
30342 35193 0
46726 18809 0
54918 10617 0
47750 17785 0
55942 9593 0
31878 33657 0
48262 17273 0
56454 9081 0
38222 27313 0
13646 51889 0
42318 23217 0
36174 29361 0
11598 53937 0
7502 58033 0
39246 26289 0
43342 22193 0
51534 14001 0
45390 20145 0
53582 11953 0
57678 7857 0
41806 23729 0
49998 15537 0
35662 29873 0
34638 30897 0
10062 55473 0
40014 25521 0
15438 50097 0
46158 19377 0
47182 18353 0
55374 10161 0
38094 27441 0
13518 52017 0
7374 58161 0
37326 28209 0
41422 24113 0
49614 15921 0
34254 31281 0
9678 55857 0
5582 59953 0
33742 31793 0
21902 43633 0
38286 27249 0
13710 51825 0
25998 39537 0
42382 23153 0
50574 14961 0
19854 45681 0
11662 53873 0
7566 57969 0
45454 20081 0
53646 11889 0
57742 7793 0
37774 27761 0
41870 23665 0
50062 15473 0
18318 47217 0
34702 30833 0
10126 55409 0
6030 59505 0
22158 43377 0
38542 26993 0
13966 51569 0
7822 57713 0
45710 19825 0
53902 11633 0
23694 41841 0
15502 50033 0
29838 35697 0
46222 19313 0
54414 11121 0
21806 43729 0
38190 27345 0
13614 51921 0
25902 39633 0
42286 23249 0
50478 15057 0
19758 45777 0
36142 29393 0
11566 53969 0
7470 58065 0
22830 42705 0
39214 26321 0
14638 50897 0
26926 38609 0
43310 22225 0
51502 14033 0
28974 36561 0
45358 20177 0
53550 11985 0
57646 7889 0
21294 44241 0
37678 27857 0
49966 15569 0
19246 46289 0
35630 29905 0
6958 58577 0
18222 47313 0
34606 30929 0
5934 59601 0
22062 43473 0
38446 27089 0
7726 57809 0
23086 42449 0
39470 26065 0
53806 11729 0
23598 41937 0
39982 25553 0
15406 50129 0
29742 35793 0
46126 19409 0
54318 11217 0
30766 34769 0
47150 18385 0
55342 10193 0
21678 43857 0
38062 27473 0
13486 52049 0
7342 58193 0
22702 42833 0
14510 51025 0
21166 44369 0
37550 27985 0
6830 58705 0
5806 59729 0
20910 44625 0
37294 28241 0
12718 52817 0
25006 40529 0
41390 24145 0
49582 15953 0
18862 46673 0
10670 54865 0
6574 58961 0
17838 47697 0
34222 31313 0
9646 55889 0
5550 59985 0
17326 48209 0
33710 31825 0
5038 60497 0
37998 27537 0
13422 52113 0
7278 58257 0
22638 42897 0
39022 26513 0
14446 51089 0
20846 44689 0
37230 28305 0
12654 52881 0
24942 40593 0
41326 24209 0
49518 16017 0
18798 46737 0
35182 30353 0
10606 54929 0
6510 59025 0
34158 31377 0
9582 55953 0
5486 60049 0
17262 48273 0
33646 31889 0
6382 59153 0
5358 60177 0
16878 48657 0
33262 32273 0
8686 56849 0
4590 60945 0
21790 43745 0
38174 27361 0
13598 51937 0
25886 39649 0
42270 23265 0
50462 15073 0
19742 45793 0
36126 29409 0
11550 53985 0
7454 58081 0
39198 26337 0
43294 22241 0
51486 14049 0
45342 20193 0
53534 12001 0
57630 7905 0
37662 27873 0
41758 23777 0
49950 15585 0
35614 29921 0
18206 47329 0
34590 30945 0
10014 55521 0
5918 59617 0
22046 43489 0
38430 27105 0
13854 51681 0
26142 39393 0
42526 23009 0
50718 14817 0
19998 45537 0
36382 29153 0
11806 53729 0
7710 57825 0
39454 26081 0
43550 21985 0
51742 13793 0
45598 19937 0
53790 11745 0
57886 7649 0
23582 41953 0
39966 25569 0
15390 50145 0
27678 37857 0
44062 21473 0
52254 13281 0
29726 35809 0
46110 19425 0
54302 11233 0
58398 7137 0
47134 18401 0
55326 10209 0
59422 6113 0
21662 43873 0
38046 27489 0
13470 52065 0
25758 39777 0
42142 23393 0
50334 15201 0
19614 45921 0
11422 54113 0
7326 58209 0
37534 28001 0
41630 23905 0
49822 15713 0
18078 47457 0
34462 31073 0
9886 55649 0
5790 59745 0
37278 28257 0
41374 24161 0
49566 15969 0
17822 47713 0
34206 31329 0
9630 55905 0
5534 60001 0
33694 31841 0
37982 27553 0
13406 52129 0
42078 23457 0
35934 29601 0
11358 54177 0
7262 58273 0
39006 26529 0
43102 22433 0
51294 14241 0
41566 23969 0
49758 15777 0
35422 30113 0
34398 31137 0
9822 55713 0
37214 28321 0
41310 24225 0
49502 16033 0
35166 30369 0
34142 31393 0
9566 55969 0
5470 60065 0
33630 31905 0
34014 31521 0
9438 56097 0
5342 60193 0
33502 32033 0
33246 32289 0
21566 43969 0
37950 27585 0
13374 52161 0
25662 39873 0
42046 23489 0
50238 15297 0
19518 46017 0
35902 29633 0
11326 54209 0
7230 58305 0
22590 42945 0
38974 26561 0
14398 51137 0
26686 38849 0
43070 22465 0
51262 14273 0
21054 44481 0
37438 28097 0
49726 15809 0
19006 46529 0
35390 30145 0
6718 58817 0
17982 47553 0
34366 31169 0
5694 59841 0
20798 44737 0
37182 28353 0
12606 52929 0
24894 40641 0
41278 24257 0
49470 16065 0
18750 46785 0
35134 30401 0
10558 54977 0
6462 59073 0
17726 47809 0
34110 31425 0
9534 56001 0
5438 60097 0
17214 48321 0
33598 31937 0
4926 60609 0
18622 46913 0
10430 55105 0
6334 59201 0
17598 47937 0
33982 31553 0
9406 56129 0
5310 60225 0
17086 48449 0
33470 32065 0
4798 60737 0
16830 48705 0
33214 32321 0
8638 56897 0
4542 60993 0
18558 46977 0
34942 30593 0
10366 55169 0
6270 59265 0
33918 31617 0
9342 56193 0
5246 60289 0
17022 48513 0
33406 32129 0
16766 48769 0
33150 32385 0
8574 56961 0
4478 61057 0
21850 43685 0
38234 27301 0
13658 51877 0
25946 39589 0
42330 23205 0
50522 15013 0
19802 45733 0
36186 29349 0
11610 53925 0
7514 58021 0
39258 26277 0
43354 22181 0
51546 13989 0
45402 20133 0
53594 11941 0
57690 7845 0
41818 23717 0
50010 15525 0
35674 29861 0
18266 47269 0
34650 30885 0
10074 55461 0
26202 39333 0
42586 22949 0
50778 14757 0
20058 45477 0
36442 29093 0
11866 53669 0
43610 21925 0
51802 13733 0
57946 7589 0
23642 41893 0
40026 25509 0
15450 50085 0
27738 37797 0
44122 21413 0
52314 13221 0
29786 35749 0
46170 19365 0
54362 11173 0
58458 7077 0
47194 18341 0
55386 10149 0
59482 6053 0
21722 43813 0
38106 27429 0
13530 52005 0
25818 39717 0
42202 23333 0
50394 15141 0
19674 45861 0
11482 54053 0
7386 58149 0
41690 23845 0
49882 15653 0
18138 47397 0
34522 31013 0
9946 55589 0
37338 28197 0
41434 24101 0
49626 15909 0
17882 47653 0
34266 31269 0
9690 55845 0
5594 59941 0
33754 31781 0
21914 43621 0
38298 27237 0
13722 51813 0
26010 39525 0
42394 23141 0
50586 14949 0
19866 45669 0
11674 53861 0
7578 57957 0
53658 11877 0
57754 7781 0
50074 15461 0
18330 47205 0
34714 30821 0
10138 55397 0
6042 59493 0
22170 43365 0
38554 26981 0
13978 51557 0
26266 39269 0
42650 22885 0
50842 14693 0
20122 45413 0
11930 53605 0
7834 57701 0
53914 11621 0
58010 7525 0
23706 41829 0
15514 50021 0
27802 37733 0
29850 35685 0
46234 19301 0
54426 11109 0
58522 7013 0
22298 43237 0
38682 26853 0
14106 51429 0
26394 39141 0
42778 22757 0
50970 14565 0
51994 13541 0
54042 11493 0
58138 7397 0
23834 41701 0
40218 25317 0
15642 49893 0
27930 37605 0
44314 21221 0
52506 13029 0
29978 35557 0
46362 19173 0
54554 10981 0
58650 6885 0
55578 9957 0
59674 5861 0
24090 41445 0
40474 25061 0
15898 49637 0
28186 37349 0
44570 20965 0
52762 12773 0
30234 35301 0
46618 18917 0
54810 10725 0
58906 6629 0
55834 9701 0
59930 5605 0
31770 33765 0
48154 17381 0
56346 9189 0
60442 5093 0
21818 43717 0
38202 27333 0
13626 51909 0
25914 39621 0
42298 23237 0
50490 15045 0
19770 45765 0
36154 29381 0
11578 53957 0
7482 58053 0
22842 42693 0
26938 38597 0
51514 14021 0
28986 36549 0
53562 11973 0
57658 7877 0
21306 44229 0
49978 15557 0
19258 46277 0
18234 47301 0
34618 30917 0
5946 59589 0
22074 43461 0
38458 27077 0
50746 14789 0
20026 45509 0
36410 29125 0
7738 57797 0
23098 42437 0
51770 13765 0
53818 11717 0
23610 41925 0
39994 25541 0
15418 50117 0
27706 37829 0
44090 21445 0
52282 13253 0
29754 35781 0
46138 19397 0
54330 11205 0
58426 7109 0
30778 34757 0
55354 10181 0
59450 6085 0
21690 43845 0
38074 27461 0
13498 52037 0
25786 39749 0
42170 23365 0
50362 15173 0
19642 45893 0
11450 54085 0
7354 58181 0
22714 42821 0
26810 38725 0
21178 44357 0
49850 15685 0
19130 46405 0
18106 47429 0
34490 31045 0
5818 59717 0
20922 44613 0
25018 40517 0
49594 15941 0
18874 46661 0
17850 47685 0
34234 31301 0
9658 55877 0
5562 59973 0
17338 48197 0
21626 43909 0
38010 27525 0
13434 52101 0
25722 39813 0
42106 23429 0
50298 15237 0
19578 45957 0
35962 29573 0
11386 54149 0
7290 58245 0
22650 42885 0
39034 26501 0
14458 51077 0
26746 38789 0
43130 22405 0
51322 14213 0
49786 15749 0
19066 46469 0
35450 30085 0
18042 47493 0
34426 31109 0
20858 44677 0
37242 28293 0
12666 52869 0
24954 40581 0
41338 24197 0
49530 16005 0
18810 46725 0
35194 30341 0
10618 54917 0
6522 59013 0
17786 47749 0
34170 31365 0
9594 55941 0
5498 60037 0
17274 48261 0
33658 31877 0
21866 43669 0
38250 27285 0
13674 51861 0
25962 39573 0
42346 23189 0
50538 14997 0
19818 45717 0
36202 29333 0
11626 53909 0
7530 58005 0
22890 42645 0
39274 26261 0
14698 50837 0
26986 38549 0
43370 22165 0
51562 13973 0
29034 36501 0
45418 20117 0
53610 11925 0
57706 7829 0
50026 15509 0
19306 46229 0
35690 29845 0
18282 47253 0
34666 30869 0
23658 41877 0
40042 25493 0
15466 50069 0
29802 35733 0
46186 19349 0
54378 11157 0
30826 34709 0
47210 18325 0
55402 10133 0
21738 43797 0
38122 27413 0
13546 51989 0
7402 58133 0
22762 42773 0
14570 50965 0
20970 44565 0
37354 28181 0
12778 52757 0
25066 40469 0
41450 24085 0
49642 15893 0
18922 46613 0
10730 54805 0
6634 58901 0
17898 47637 0
34282 31253 0
9706 55829 0
5610 59925 0
17386 48149 0
33770 31765 0
21930 43605 0
38314 27221 0
13738 51797 0
26026 39509 0
42410 23125 0
50602 14933 0
19882 45653 0
11690 53845 0
7594 57941 0
22954 42581 0
27050 38485 0
29098 36437 0
53674 11861 0
57770 7765 0
21418 44117 0
50090 15445 0
19370 46165 0
18346 47189 0
34730 30805 0
6058 59477 0
22186 43349 0
38570 26965 0
7850 57685 0
23210 42325 0
53930 11605 0
23722 41813 0
15530 50005 0
29866 35669 0
46250 19285 0
54442 11093 0
30890 34645 0
22314 43221 0
38698 26837 0
50986 14549 0
23338 42197 0
52010 13525 0
54058 11477 0
23850 41685 0
40234 25301 0
15658 49877 0
27946 37589 0
44330 21205 0
52522 13013 0
29994 35541 0
46378 19157 0
54570 10965 0
58666 6869 0
31018 34517 0
55594 9941 0
59690 5845 0
24106 41429 0
40490 25045 0
54826 10709 0
55850 9685 0
31786 33749 0
48170 17365 0
56362 9173 0
21962 43573 0
38346 27189 0
13770 51765 0
26058 39477 0
42442 23093 0
50634 14901 0
19914 45621 0
11722 53813 0
7626 57909 0
45514 20021 0
53706 11829 0
57802 7733 0
41930 23605 0
50122 15413 0
18378 47157 0
34762 30773 0
10186 55349 0
23754 41781 0
15562 49973 0
29898 35637 0
46282 19253 0
54474 11061 0
26442 39093 0
42826 22709 0
51018 14517 0
43850 21685 0
52042 13493 0
58186 7349 0
23882 41653 0
40266 25269 0
15690 49845 0
27978 37557 0
44362 21173 0
52554 12981 0
30026 35509 0
46410 19125 0
54602 10933 0
58698 6837 0
47434 18101 0
55626 9909 0
59722 5813 0
31818 33717 0
48202 17333 0
56394 9141 0
22410 43125 0
38794 26741 0
14218 51317 0
26506 39029 0
42890 22645 0
51082 14453 0
54154 11381 0
58250 7285 0
23946 41589 0
15754 49781 0
28042 37493 0
30090 35445 0
46474 19061 0
54666 10869 0
58762 6773 0
24202 41333 0
16010 49525 0
30346 35189 0
46730 18805 0
54922 10613 0
31882 33653 0
38258 27277 0
42354 23181 0
50546 14989 0
19826 45709 0
36210 29325 0
11634 53901 0
7538 57997 0
22898 42637 0
39282 26253 0
14706 50829 0
26994 38541 0
43378 22157 0
51570 13965 0
45426 20109 0
53618 11917 0
57714 7821 0
37746 27789 0
50034 15501 0
19314 46221 0
35698 29837 0
7026 58509 0
34674 30861 0
38514 27021 0
50802 14733 0
20082 45453 0
36466 29069 0
7794 57741 0
23154 42381 0
39538 25997 0
51826 13709 0
53874 11661 0
23666 41869 0
40050 25485 0
15474 50061 0
27762 37773 0
44146 21389 0
52338 13197 0
46194 19341 0
54386 11149 0
58482 7053 0
30834 34701 0
47218 18317 0
55410 10125 0
59506 6029 0
21938 43597 0
38322 27213 0
13746 51789 0
7602 57933 0
22962 42573 0
29106 36429 0
53682 11853 0
21426 44109 0
50098 15437 0
19378 46157 0
18354 47181 0
34738 30797 0
6066 59469 0
22194 43341 0
38578 26957 0
50866 14669 0
20146 45389 0
36530 29005 0
7858 57677 0
23218 42317 0
51890 13645 0
53938 11597 0
23730 41805 0
40114 25421 0
15538 49997 0
29874 35661 0
46258 19277 0
54450 11085 0
30898 34637 0
55474 10061 0
38706 26829 0
50994 14541 0
23346 42189 0
52018 13517 0
54066 11469 0
23858 41677 0
40242 25293 0
15666 49869 0
46386 19149 0
54578 10957 0
31026 34509 0
55602 9933 0
24114 41421 0
40498 25037 0
52786 12749 0
54834 10701 0
55858 9677 0
31794 33741 0
48178 17357 0
56370 9165 0
21970 43565 0
38354 27181 0
13778 51757 0
26066 39469 0
42450 23085 0
50642 14893 0
19922 45613 0
36306 29229 0
11730 53805 0
7634 57901 0
39378 26157 0
43474 22061 0
51666 13869 0
45522 20013 0
53714 11821 0
57810 7725 0
37842 27693 0
41938 23597 0
50130 15405 0
35794 29741 0
18386 47149 0
34770 30765 0
10194 55341 0
6098 59437 0
22226 43309 0
38610 26925 0
14034 51501 0
26322 39213 0
42706 22829 0
50898 14637 0
20178 45357 0
36562 28973 0
11986 53549 0
7890 57645 0
39634 25901 0
43730 21805 0
51922 13613 0
45778 19757 0
53970 11565 0
58066 7469 0
23762 41773 0
40146 25389 0
15570 49965 0
27858 37677 0
44242 21293 0
52434 13101 0
29906 35629 0
46290 19245 0
54482 11053 0
58578 6957 0
47314 18221 0
55506 10029 0
59602 5933 0
38738 26797 0
42834 22701 0
51026 14509 0
39762 25773 0
43858 21677 0
52050 13485 0
45906 19629 0
54098 11437 0
58194 7341 0
23890 41645 0
40274 25261 0
15698 49837 0
27986 37549 0
44370 21165 0
52562 12973 0
46418 19117 0
54610 10925 0
58706 6829 0
47442 18093 0
55634 9901 0
59730 5805 0
24146 41389 0
40530 25005 0
15954 49581 0
28242 37293 0
44626 20909 0
52818 12717 0
46674 18861 0
54866 10669 0
58962 6573 0
47698 17837 0
55890 9645 0
59986 5549 0
31826 33709 0
48210 17325 0
56402 9133 0
60498 5037 0
22418 43117 0
38802 26733 0
14226 51309 0
26514 39021 0
42898 22637 0
51090 14445 0
52114 13421 0
54162 11373 0
58258 7277 0
23954 41581 0
40338 25197 0
15762 49773 0
30098 35437 0
46482 19053 0
54674 10861 0
55698 9837 0
24210 41325 0
40594 24941 0
16018 49517 0
28306 37229 0
44690 20845 0
52882 12653 0
30354 35181 0
46738 18797 0
54930 10605 0
59026 6509 0
55954 9581 0
60050 5485 0
31890 33645 0
48274 17261 0
56466 9069 0
46866 18669 0
55058 10477 0
59154 6381 0
56082 9453 0
60178 5357 0
32018 33517 0
48402 17133 0
56594 8941 0
32274 33261 0
48658 16877 0
56850 8685 0
60946 4589 0
21986 43549 0
38370 27165 0
13794 51741 0
26082 39453 0
42466 23069 0
50658 14877 0
19938 45597 0
36322 29213 0
11746 53789 0
7650 57885 0
23010 42525 0
39394 26141 0
14818 50717 0
27106 38429 0
43490 22045 0
51682 13853 0
29154 36381 0
45538 19997 0
53730 11805 0
57826 7709 0
21474 44061 0
37858 27677 0
50146 15389 0
19426 46109 0
35810 29725 0
7138 58397 0
18402 47133 0
34786 30749 0
6114 59421 0
22242 43293 0
38626 26909 0
7906 57629 0
23266 42269 0
39650 25885 0
53986 11549 0
23778 41757 0
40162 25373 0
15586 49949 0
29922 35613 0
46306 19229 0
54498 11037 0
30946 34589 0
47330 18205 0
55522 10013 0
38754 26781 0
51042 14493 0
23394 42141 0
39778 25757 0
52066 13469 0
54114 11421 0
23906 41629 0
40290 25245 0
15714 49821 0
28002 37533 0
44386 21149 0
52578 12957 0
46434 19101 0
54626 10909 0
58722 6813 0
31074 34461 0
47458 18077 0
55650 9885 0
59746 5789 0
24162 41373 0
40546 24989 0
54882 10653 0
55906 9629 0
31842 33693 0
48226 17309 0
56418 9117 0
22434 43101 0
38818 26717 0
51106 14429 0
23458 42077 0
52130 13405 0
54178 11357 0
23970 41565 0
40354 25181 0
15778 49757 0
30114 35421 0
46498 19037 0
54690 10845 0
31138 34397 0
55714 9821 0
24226 41309 0
40610 24925 0
54946 10589 0
55970 9565 0
31906 33629 0
48290 17245 0
56482 9053 0
55074 10461 0
56098 9437 0
32034 33501 0
48418 17117 0
56610 8925 0
56866 8669 0
22466 43069 0
38850 26685 0
14274 51261 0
26562 38973 0
42946 22589 0
51138 14397 0
39874 25661 0
43970 21565 0
52162 13373 0
46018 19517 0
54210 11325 0
58306 7229 0
24002 41533 0
40386 25149 0
15810 49725 0
28098 37437 0
44482 21053 0
52674 12861 0
30146 35389 0
46530 19005 0
54722 10813 0
58818 6717 0
47554 17981 0
55746 9789 0
59842 5693 0
24258 41277 0
40642 24893 0
16066 49469 0
30402 35133 0
46786 18749 0
54978 10557 0
47810 17725 0
56002 9533 0
31938 33597 0
48322 17213 0
56514 9021 0
46914 18621 0
55106 10429 0
59202 6333 0
47938 17597 0
56130 9405 0
60226 5309 0
32066 33469 0
48450 17085 0
56642 8893 0
60738 4797 0
32322 33213 0
48706 16829 0
56898 8637 0
30594 34941 0
46978 18557 0
55170 10365 0
59266 6269 0
56194 9341 0
60290 5245 0
32130 33405 0
48514 17021 0
56706 8829 0
32386 33149 0
48770 16765 0
56962 8573 0
13660 51875 0
42332 23203 0
11612 53923 0
43356 22179 0
45404 20131 0
57692 7843 0
41820 23715 0
50012 15523 0
35676 29859 0
34652 30883 0
10076 55459 0
42588 22947 0
36444 29091 0
11868 53667 0
43612 21923 0
51804 13731 0
57948 7587 0
15452 50083 0
44124 21411 0
46172 19363 0
47196 18339 0
59484 6051 0
13532 52003 0
42204 23331 0
11484 54051 0
41692 23843 0
49884 15651 0
34524 31011 0
9948 55587 0
41436 24099 0
9692 55843 0
33756 31779 0
13724 51811 0
26012 39523 0
42396 23139 0
11676 53859 0
45468 20067 0
57756 7779 0
37788 27747 0
41884 23651 0
50076 15459 0
18332 47203 0
34716 30819 0
10140 55395 0
6044 59491 0
22172 43363 0
38556 26979 0
13980 51555 0
26268 39267 0
42652 22883 0
50844 14691 0
20124 45411 0
11932 53603 0
7836 57699 0
45724 19811 0
53916 11619 0
58012 7523 0
15516 50019 0
27804 37731 0
29852 35683 0
46236 19299 0
58524 7011 0
22300 43235 0
38684 26851 0
14108 51427 0
26396 39139 0
42780 22755 0
50972 14563 0
39708 25827 0
43804 21731 0
51996 13539 0
45852 19683 0
54044 11491 0
58140 7395 0
15644 49891 0
27932 37603 0
44316 21219 0
29980 35555 0
46364 19171 0
58652 6883 0
47388 18147 0
59676 5859 0
24092 41443 0
40476 25059 0
15900 49635 0
28188 37347 0
44572 20963 0
52764 12771 0
30236 35299 0
46620 18915 0
54812 10723 0
58908 6627 0
47644 17891 0
55836 9699 0
59932 5603 0
31772 33763 0
48156 17379 0
60444 5091 0
21820 43715 0
38204 27331 0
13628 51907 0
25916 39619 0
42300 23235 0
50492 15043 0
19772 45763 0
36156 29379 0
11580 53955 0
7484 58051 0
22844 42691 0
39228 26307 0
14652 50883 0
26940 38595 0
43324 22211 0
51516 14019 0
28988 36547 0
45372 20163 0
53564 11971 0
57660 7875 0
21308 44227 0
37692 27843 0
13116 52419 0
25404 40131 0
41788 23747 0
49980 15555 0
19260 46275 0
35644 29891 0
11068 54467 0
6972 58563 0
18236 47299 0
34620 30915 0
10044 55491 0
5948 59587 0
22076 43459 0
38460 27075 0
13884 51651 0
26172 39363 0
42556 22979 0
50748 14787 0
20028 45507 0
36412 29123 0
11836 53699 0
7740 57795 0
23100 42435 0
39484 26051 0
14908 50627 0
27196 38339 0
43580 21955 0
51772 13763 0
29244 36291 0
45628 19907 0
53820 11715 0
57916 7619 0
23612 41923 0
39996 25539 0
15420 50115 0
27708 37827 0
44092 21443 0
52284 13251 0
29756 35779 0
46140 19395 0
54332 11203 0
58428 7107 0
30780 34755 0
47164 18371 0
55356 10179 0
59452 6083 0
21692 43843 0
38076 27459 0
13500 52035 0
25788 39747 0
42172 23363 0
50364 15171 0
19644 45891 0
11452 54083 0
7356 58179 0
22716 42819 0
14524 51011 0
26812 38723 0
21180 44355 0
37564 27971 0
12988 52547 0
25276 40259 0
41660 23875 0
49852 15683 0
19132 46403 0
10940 54595 0
6844 58691 0
18108 47427 0
34492 31043 0
9916 55619 0
5820 59715 0
20924 44611 0
37308 28227 0
12732 52803 0
25020 40515 0
41404 24131 0
49596 15939 0
18876 46659 0
10684 54851 0
6588 58947 0
17852 47683 0
34236 31299 0
9660 55875 0
5564 59971 0
17340 48195 0
33724 31811 0
9148 56387 0
5052 60483 0
38012 27523 0
13436 52099 0
42108 23427 0
35964 29571 0
11388 54147 0
7292 58243 0
22652 42883 0
39036 26499 0
14460 51075 0
26748 38787 0
43132 22403 0
51324 14211 0
25212 40323 0
41596 23939 0
49788 15747 0
19068 46467 0
35452 30083 0
10876 54659 0
34428 31107 0
9852 55683 0
20860 44675 0
37244 28291 0
12668 52867 0
24956 40579 0
41340 24195 0
49532 16003 0
18812 46723 0
35196 30339 0
10620 54915 0
6524 59011 0
34172 31363 0
9596 55939 0
5500 60035 0
17276 48259 0
33660 31875 0
9084 56451 0
38252 27283 0
13676 51859 0
42348 23187 0
36204 29331 0
11628 53907 0
7532 58003 0
22892 42643 0
39276 26259 0
14700 50835 0
26988 38547 0
43372 22163 0
51564 13971 0
29036 36499 0
45420 20115 0
53612 11923 0
57708 7827 0
25452 40083 0
41836 23699 0
50028 15507 0
19308 46227 0
35692 29843 0
11116 54419 0
34668 30867 0
10092 55443 0
40044 25491 0
15468 50067 0
46188 19347 0
30828 34707 0
47212 18323 0
55404 10131 0
38124 27411 0
13548 51987 0
7404 58131 0
22764 42771 0
14572 50963 0
20972 44563 0
37356 28179 0
12780 52755 0
25068 40467 0
41452 24083 0
49644 15891 0
18924 46611 0
10732 54803 0
6636 58899 0
34284 31251 0
9708 55827 0
5612 59923 0
17388 48147 0
33772 31763 0
9196 56339 0
21932 43603 0
38316 27219 0
13740 51795 0
26028 39507 0
42412 23123 0
50604 14931 0
19884 45651 0
11692 53843 0
7596 57939 0
22956 42579 0
14764 50771 0
27052 38483 0
29100 36435 0
45484 20051 0
53676 11859 0
57772 7763 0
21420 44115 0
37804 27731 0
13228 52307 0
25516 40019 0
41900 23635 0
50092 15443 0
19372 46163 0
11180 54355 0
7084 58451 0
18348 47187 0
34732 30803 0
10156 55379 0
6060 59475 0
22188 43347 0
38572 26963 0
13996 51539 0
7852 57683 0
23212 42323 0
15020 50515 0
29356 36179 0
45740 19795 0
53932 11603 0
23724 41811 0
15532 50003 0
29868 35667 0
46252 19283 0
54444 11091 0
30892 34643 0
22316 43219 0
38700 26835 0
14124 51411 0
26412 39123 0
42796 22739 0
50988 14547 0
23340 42195 0
39724 25811 0
15148 50387 0
27436 38099 0
43820 21715 0
52012 13523 0
29484 36051 0
45868 19667 0
54060 11475 0
58156 7379 0
23852 41683 0
40236 25299 0
15660 49875 0
27948 37587 0
44332 21203 0
52524 13011 0
29996 35539 0
46380 19155 0
54572 10963 0
58668 6867 0
31020 34515 0
47404 18131 0
55596 9939 0
59692 5843 0
24108 41427 0
40492 25043 0
15916 49619 0
30252 35283 0
46636 18899 0
54828 10707 0
31276 34259 0
47660 17875 0
55852 9683 0
31788 33747 0
48172 17363 0
56364 9171 0
13772 51763 0
42444 23091 0
11724 53811 0
45516 20019 0
57804 7731 0
41932 23603 0
50124 15411 0
34764 30771 0
10188 55347 0
15564 49971 0
46284 19251 0
42828 22707 0
43852 21683 0
52044 13491 0
58188 7347 0
15692 49843 0
44364 21171 0
46412 19123 0
47436 18099 0
59724 5811 0
48204 17331 0
22412 43123 0
38796 26739 0
14220 51315 0
26508 39027 0
42892 22643 0
51084 14451 0
45964 19571 0
54156 11379 0
58252 7283 0
15756 49779 0
28044 37491 0
30092 35443 0
46476 19059 0
58764 6771 0
24204 41331 0
16012 49523 0
30348 35187 0
46732 18803 0
54924 10611 0
31884 33651 0
38260 27275 0
42356 23179 0
36212 29323 0
11636 53899 0
7540 57995 0
22900 42635 0
39284 26251 0
14708 50827 0
26996 38539 0
43380 22155 0
51572 13963 0
45428 20107 0
53620 11915 0
57716 7819 0
37748 27787 0
41844 23691 0
50036 15499 0
19316 46219 0
35700 29835 0
11124 54411 0
7028 58507 0
34676 30859 0
38516 27019 0
42612 22923 0
36468 29067 0
11892 53643 0
7796 57739 0
23156 42379 0
39540 25995 0
14964 50571 0
27252 38283 0
43636 21899 0
51828 13707 0
45684 19851 0
53876 11659 0
57972 7563 0
40052 25483 0
15476 50059 0
44148 21387 0
46196 19339 0
30836 34699 0
47220 18315 0
55412 10123 0
59508 6027 0
21940 43595 0
38324 27211 0
13748 51787 0
7604 57931 0
22964 42571 0
39348 26187 0
14772 50763 0
29108 36427 0
45492 20043 0
53684 11851 0
21428 44107 0
37812 27723 0
13236 52299 0
25524 40011 0
41908 23627 0
50100 15435 0
19380 46155 0
35764 29771 0
11188 54347 0
7092 58443 0
18356 47179 0
34740 30795 0
10164 55371 0
6068 59467 0
22196 43339 0
38580 26955 0
14004 51531 0
26292 39243 0
42676 22859 0
50868 14667 0
20148 45387 0
36532 29003 0
11956 53579 0
7860 57675 0
23220 42315 0
39604 25931 0
15028 50507 0
27316 38219 0
43700 21835 0
51892 13643 0
29364 36171 0
45748 19787 0
53940 11595 0
58036 7499 0
23732 41803 0
40116 25419 0
15540 49995 0
29876 35659 0
46260 19275 0
54452 11083 0
30900 34635 0
47284 18251 0
55476 10059 0
38708 26827 0
42804 22731 0
50996 14539 0
23348 42187 0
39732 25803 0
15156 50379 0
27444 38091 0
43828 21707 0
52020 13515 0
45876 19659 0
54068 11467 0
58164 7371 0
23860 41675 0
40244 25291 0
15668 49867 0
46388 19147 0
54580 10955 0
31028 34507 0
47412 18123 0
55604 9931 0
24116 41419 0
40500 25035 0
15924 49611 0
28212 37323 0
44596 20939 0
52788 12747 0
46644 18891 0
54836 10699 0
58932 6603 0
31284 34251 0
47668 17867 0
55860 9675 0
59956 5579 0
31796 33739 0
48180 17355 0
56372 9163 0
13780 51755 0
42452 23083 0
11732 53803 0
43476 22059 0
45524 20011 0
57812 7723 0
37844 27691 0
41940 23595 0
50132 15403 0
35796 29739 0
34772 30763 0
10196 55339 0
6100 59435 0
38612 26923 0
14036 51499 0
42708 22827 0
36564 28971 0
11988 53547 0
7892 57643 0
39636 25899 0
43732 21803 0
51924 13611 0
45780 19755 0
53972 11563 0
58068 7467 0
15572 49963 0
44244 21291 0
46292 19243 0
47316 18219 0
59604 5931 0
38740 26795 0
42836 22699 0
39764 25771 0
43860 21675 0
52052 13483 0
45908 19627 0
54100 11435 0
58196 7339 0
15700 49835 0
44372 21163 0
46420 19115 0
47444 18091 0
59732 5803 0
40532 25003 0
15956 49579 0
44628 20907 0
46676 18859 0
47700 17835 0
55892 9643 0
59988 5547 0
48212 17323 0
22420 43115 0
38804 26731 0
14228 51307 0
26516 39019 0
42900 22635 0
51092 14443 0
39828 25707 0
43924 21611 0
52116 13419 0
45972 19563 0
54164 11371 0
58260 7275 0
15764 49771 0
30100 35435 0
46484 19051 0
47508 18027 0
24212 41323 0
40596 24939 0
16020 49515 0
28308 37227 0
44692 20843 0
52884 12651 0
30356 35179 0
46740 18795 0
54932 10603 0
59028 6507 0
47764 17771 0
55956 9579 0
60052 5483 0
31892 33643 0
48276 17259 0
46868 18667 0
55060 10475 0
59156 6379 0
47892 17643 0
56084 9451 0
60180 5355 0
32020 33515 0
48404 17131 0
32276 33259 0
48660 16875 0
56852 8683 0
60948 4587 0
38372 27163 0
13796 51739 0
42468 23067 0
36324 29211 0
11748 53787 0
7652 57883 0
23012 42523 0
39396 26139 0
14820 50715 0
27108 38427 0
43492 22043 0
51684 13851 0
29156 36379 0
45540 19995 0
53732 11803 0
57828 7707 0
21476 44059 0
37860 27675 0
13284 52251 0
25572 39963 0
41956 23579 0
50148 15387 0
19428 46107 0
35812 29723 0
11236 54299 0
7140 58395 0
34788 30747 0
10212 55323 0
6116 59419 0
38628 26907 0
14052 51483 0
7908 57627 0
23268 42267 0
39652 25883 0
15076 50459 0
29412 36123 0
45796 19739 0
53988 11547 0
40164 25371 0
15588 49947 0
46308 19227 0
30948 34587 0
47332 18203 0
55524 10011 0
38756 26779 0
42852 22683 0
23396 42139 0
39780 25755 0
15204 50331 0
27492 38043 0
43876 21659 0
52068 13467 0
45924 19611 0
54116 11419 0
58212 7323 0
40292 25243 0
15716 49819 0
44388 21147 0
46436 19099 0
31076 34459 0
47460 18075 0
55652 9883 0
59748 5787 0
40548 24987 0
15972 49563 0
46692 18843 0
31332 34203 0
47716 17819 0
55908 9627 0
48228 17307 0
22436 43099 0
38820 26715 0
14244 51291 0
26532 39003 0
42916 22619 0
51108 14427 0
23460 42075 0
39844 25691 0
15268 50267 0
27556 37979 0
43940 21595 0
52132 13403 0
29604 35931 0
45988 19547 0
54180 11355 0
58276 7259 0
23972 41563 0
40356 25179 0
15780 49755 0
30116 35419 0
46500 19035 0
54692 10843 0
31140 34395 0
47524 18011 0
55716 9819 0
24228 41307 0
40612 24923 0
16036 49499 0
30372 35163 0
46756 18779 0
54948 10587 0
31396 34139 0
47780 17755 0
55972 9563 0
31908 33627 0
48292 17243 0
56484 9051 0
46884 18651 0
55076 10459 0
59172 6363 0
31524 34011 0
47908 17627 0
56100 9435 0
60196 5339 0
32036 33499 0
48420 17115 0
56612 8923 0
32292 33243 0
48676 16859 0
56868 8667 0
38852 26683 0
14276 51259 0
42948 22587 0
39876 25659 0
43972 21563 0
52164 13371 0
46020 19515 0
54212 11323 0
58308 7227 0
15812 49723 0
44484 21051 0
46532 19003 0
47556 17979 0
59844 5691 0
40644 24891 0
16068 49467 0
46788 18747 0
47812 17723 0
56004 9531 0
48324 17211 0
46916 18619 0
47940 17595 0
56132 9403 0
60228 5307 0
48452 17083 0
48708 16827 0
30596 34939 0
46980 18555 0
55172 10363 0
59268 6267 0
48004 17531 0
56196 9339 0
60292 5243 0
32132 33403 0
48516 17019 0
32388 33147 0
48772 16763 0
56964 8571 0
21880 43655 0
38264 27271 0
13688 51847 0
25976 39559 0
42360 23175 0
50552 14983 0
19832 45703 0
36216 29319 0
11640 53895 0
7544 57991 0
22904 42631 0
39288 26247 0
14712 50823 0
27000 38535 0
43384 22151 0
51576 13959 0
29048 36487 0
45432 20103 0
53624 11911 0
57720 7815 0
25464 40071 0
41848 23687 0
50040 15495 0
19320 46215 0
35704 29831 0
11128 54407 0
18296 47239 0
34680 30855 0
10104 55431 0
26232 39303 0
42616 22919 0
50808 14727 0
20088 45447 0
36472 29063 0
11896 53639 0
27256 38279 0
43640 21895 0
51832 13703 0
57976 7559 0
23672 41863 0
40056 25479 0
15480 50055 0
27768 37767 0
44152 21383 0
52344 13191 0
29816 35719 0
46200 19335 0
54392 11143 0
58488 7047 0
30840 34695 0
47224 18311 0
55416 10119 0
59512 6023 0
21944 43591 0
38328 27207 0
13752 51783 0
26040 39495 0
42424 23111 0
50616 14919 0
19896 45639 0
11704 53831 0
7608 57927 0
22968 42567 0
27064 38471 0
29112 36423 0
53688 11847 0
57784 7751 0
21432 44103 0
25528 40007 0
50104 15431 0
19384 46151 0
18360 47175 0
34744 30791 0
10168 55367 0
6072 59463 0
22200 43335 0
38584 26951 0
14008 51527 0
26296 39239 0
42680 22855 0
50872 14663 0
20152 45383 0
11960 53575 0
7864 57671 0
23224 42311 0
27320 38215 0
29368 36167 0
53944 11591 0
58040 7495 0
23736 41799 0
15544 49991 0
27832 37703 0
29880 35655 0
46264 19271 0
54456 11079 0
58552 6983 0
30904 34631 0
22328 43207 0
38712 26823 0
14136 51399 0
26424 39111 0
42808 22727 0
51000 14535 0
23352 42183 0
27448 38087 0
52024 13511 0
29496 36039 0
54072 11463 0
58168 7367 0
23864 41671 0
40248 25287 0
15672 49863 0
27960 37575 0
44344 21191 0
52536 12999 0
30008 35527 0
46392 19143 0
54584 10951 0
58680 6855 0
31032 34503 0
55608 9927 0
59704 5831 0
24120 41415 0
40504 25031 0
15928 49607 0
28216 37319 0
44600 20935 0
52792 12743 0
30264 35271 0
46648 18887 0
54840 10695 0
58936 6599 0
31288 34247 0
55864 9671 0
59960 5575 0
31800 33735 0
48184 17351 0
56376 9159 0
60472 5063 0
13784 51751 0
26072 39463 0
42456 23079 0
11736 53799 0
45528 20007 0
57816 7719 0
41944 23591 0
50136 15399 0
18392 47143 0
34776 30759 0
10200 55335 0
26328 39207 0
42712 22823 0
50904 14631 0
20184 45351 0
11992 53543 0
58072 7463 0
15576 49959 0
27864 37671 0
29912 35623 0
46296 19239 0
58584 6951 0
26456 39079 0
42840 22695 0
51032 14503 0
43864 21671 0
52056 13479 0
58200 7335 0
15704 49831 0
27992 37543 0
44376 21159 0
30040 35495 0
46424 19111 0
58712 6823 0
47448 18087 0
59736 5799 0
28248 37287 0
44632 20903 0
52824 12711 0
58968 6567 0
59992 5543 0
31832 33703 0
48216 17319 0
60504 5031 0
22424 43111 0
38808 26727 0
14232 51303 0
26520 39015 0
42904 22631 0
51096 14439 0
54168 11367 0
58264 7271 0
15768 49767 0
28056 37479 0
30104 35431 0
46488 19047 0
58776 6759 0
24216 41319 0
16024 49511 0
28312 37223 0
30360 35175 0
46744 18791 0
54936 10599 0
59032 6503 0
31896 33639 0
30488 35047 0
46872 18663 0
55064 10471 0
59160 6375 0
56088 9447 0
60184 5351 0
32024 33511 0
48408 17127 0
60696 4839 0
32280 33255 0
48664 16871 0
56856 8679 0
60952 4583 0
21992 43543 0
38376 27159 0
13800 51735 0
26088 39447 0
42472 23063 0
50664 14871 0
19944 45591 0
11752 53783 0
7656 57879 0
23016 42519 0
14824 50711 0
27112 38423 0
29160 36375 0
45544 19991 0
53736 11799 0
57832 7703 0
25576 39959 0
41960 23575 0
50152 15383 0
19432 46103 0
11240 54295 0
18408 47127 0
34792 30743 0
10216 55319 0
23784 41751 0
15592 49943 0
29928 35607 0
46312 19223 0
54504 11031 0
30952 34583 0
26472 39063 0
42856 22679 0
51048 14487 0
27496 38039 0
43880 21655 0
52072 13463 0
58216 7319 0
23912 41623 0
40296 25239 0
15720 49815 0
28008 37527 0
44392 21143 0
52584 12951 0
30056 35479 0
46440 19095 0
54632 10903 0
58728 6807 0
31080 34455 0
47464 18071 0
55656 9879 0
59752 5783 0
31848 33687 0
48232 17303 0
56424 9111 0
22440 43095 0
38824 26711 0
14248 51287 0
26536 38999 0
42920 22615 0
51112 14423 0
23464 42071 0
27560 37975 0
29608 35927 0
54184 11351 0
58280 7255 0
23976 41559 0
15784 49751 0
28072 37463 0
30120 35415 0
46504 19031 0
54696 10839 0
58792 6743 0
31144 34391 0
24232 41303 0
16040 49495 0
30376 35159 0
46760 18775 0
54952 10583 0
31400 34135 0
31912 33623 0
30504 35031 0
46888 18647 0
55080 10455 0
59176 6359 0
31528 34007 0
56104 9431 0
60200 5335 0
32040 33495 0
48424 17111 0
56616 8919 0
60712 4823 0
32296 33239 0
48680 16855 0
56872 8663 0
26568 38967 0
42952 22583 0
51144 14391 0
58312 7223 0
15816 49719 0
28104 37431 0
30152 35383 0
46536 18999 0
58824 6711 0
31944 33591 0
59208 6327 0
60232 5303 0
32072 33463 0
48456 17079 0
60744 4791 0
30600 34935 0
46984 18551 0
55176 10359 0
59272 6263 0
32136 33399 0
32392 33143 0
