# gale's game: 4x4 FOUR in a row (m,n,k = 4,4,4), no gravity,
# a stone may be placed in any empty cell.  Five in a row is impossible
# on a 4x4 grid -- the longest line is 4 -- and is not this game.
#
# value    : +1 the SIDE TO MOVE wins with best play, 0 draw, -1 loses.
#           This table covers every ply, so the side to move alternates:
#           even ply -> P0 to move, odd ply -> P1 to move.  The ply is
#           popcount(p0|p1), so a reader can recover it from the boards.
#           The P0-perspective value is value for an even ply and
#           -value for an odd ply.
# horizon  : NONE.  The board is 16 cells, so the search always reaches
#           the end of the game.  Every row is exact.
# legality : the game has not already ended -- neither side has four in
#           a row and the board is not full.  Terminal positions are
#           excluded and counted separately in the manifest.
# order    : lexicographic in the first cell-index sequence that reaches
#           the position, cell indices 0..15 row-major from the top
#           left.  Deduplicated on the position itself.
# fields   : p0 p1 value -- p0 and p1 are the 16-bit boards in unsigned
#           decimal (bit i is cell i), value in {-1,0,+1}.
# digest   : FNV-1a 64 over the data lines of all ply files in ply order,
#           terminating newlines included, '#' lines excluded.
5 2 0
9 2 0
17 2 0
33 2 0
65 2 0
129 2 0
257 2 0
513 2 0
1025 2 0
2049 2 0
4097 2 0
8193 2 0
16385 2 0
32769 2 0
3 4 0
9 4 0
17 4 0
33 4 0
65 4 0
129 4 0
257 4 0
513 4 0
1025 4 0
2049 4 0
4097 4 0
8193 4 0
16385 4 0
32769 4 0
3 8 0
5 8 0
17 8 0
33 8 0
65 8 0
129 8 0
257 8 0
513 8 0
1025 8 0
2049 8 0
4097 8 0
8193 8 0
16385 8 0
32769 8 0
3 16 0
5 16 0
9 16 0
33 16 0
65 16 0
129 16 0
257 16 0
513 16 0
1025 16 0
2049 16 0
4097 16 0
8193 16 0
16385 16 0
32769 16 0
3 32 0
5 32 0
9 32 0
17 32 0
65 32 0
129 32 0
257 32 0
513 32 0
1025 32 0
2049 32 0
4097 32 0
8193 32 0
16385 32 0
32769 32 0
3 64 0
5 64 0
9 64 0
17 64 0
33 64 0
129 64 0
257 64 0
513 64 0
1025 64 0
2049 64 0
4097 64 0
8193 64 0
16385 64 0
32769 64 0
3 128 0
5 128 0
9 128 0
17 128 0
33 128 0
65 128 0
257 128 0
513 128 0
1025 128 0
2049 128 0
4097 128 0
8193 128 0
16385 128 0
32769 128 0
3 256 0
5 256 0
9 256 0
17 256 0
33 256 0
65 256 0
129 256 0
513 256 0
1025 256 0
2049 256 0
4097 256 0
8193 256 0
16385 256 0
32769 256 0
3 512 0
5 512 0
9 512 0
17 512 0
33 512 0
65 512 0
129 512 0
257 512 0
1025 512 0
2049 512 0
4097 512 0
8193 512 0
16385 512 0
32769 512 0
3 1024 0
5 1024 0
9 1024 0
17 1024 0
33 1024 0
65 1024 0
129 1024 0
257 1024 0
513 1024 0
2049 1024 0
4097 1024 0
8193 1024 0
16385 1024 0
32769 1024 0
3 2048 0
5 2048 0
9 2048 0
17 2048 0
33 2048 0
65 2048 0
129 2048 0
257 2048 0
513 2048 0
1025 2048 0
4097 2048 0
8193 2048 0
16385 2048 0
32769 2048 0
3 4096 0
5 4096 0
9 4096 0
17 4096 0
33 4096 0
65 4096 0
129 4096 0
257 4096 0
513 4096 0
1025 4096 0
2049 4096 0
8193 4096 0
16385 4096 0
32769 4096 0
3 8192 0
5 8192 0
9 8192 0
17 8192 0
33 8192 0
65 8192 0
129 8192 0
257 8192 0
513 8192 0
1025 8192 0
2049 8192 0
4097 8192 0
16385 8192 0
32769 8192 0
3 16384 0
5 16384 0
9 16384 0
17 16384 0
33 16384 0
65 16384 0
129 16384 0
257 16384 0
513 16384 0
1025 16384 0
2049 16384 0
4097 16384 0
8193 16384 0
32769 16384 0
3 32768 0
5 32768 0
9 32768 0
17 32768 0
33 32768 0
65 32768 0
129 32768 0
257 32768 0
513 32768 0
1025 32768 0
2049 32768 0
4097 32768 0
8193 32768 0
16385 32768 0
6 1 0
10 1 0
18 1 0
34 1 0
66 1 0
130 1 0
258 1 0
514 1 0
1026 1 0
2050 1 0
4098 1 0
8194 1 0
16386 1 0
32770 1 0
10 4 0
18 4 0
34 4 0
66 4 0
130 4 0
258 4 0
514 4 0
1026 4 0
2050 4 0
4098 4 0
8194 4 0
16386 4 0
32770 4 0
6 8 0
18 8 0
34 8 0
66 8 0
130 8 0
258 8 0
514 8 0
1026 8 0
2050 8 0
4098 8 0
8194 8 0
16386 8 0
32770 8 0
6 16 0
10 16 0
34 16 0
66 16 0
130 16 0
258 16 0
514 16 0
1026 16 0
2050 16 0
4098 16 0
8194 16 0
16386 16 0
32770 16 0
6 32 0
10 32 0
18 32 0
66 32 0
130 32 0
258 32 0
514 32 0
1026 32 0
2050 32 0
4098 32 0
8194 32 0
16386 32 0
32770 32 0
6 64 0
10 64 0
18 64 0
34 64 0
130 64 0
258 64 0
514 64 0
1026 64 0
2050 64 0
4098 64 0
8194 64 0
16386 64 0
32770 64 0
6 128 0
10 128 0
18 128 0
34 128 0
66 128 0
258 128 0
514 128 0
1026 128 0
2050 128 0
4098 128 0
8194 128 0
16386 128 0
32770 128 0
6 256 0
10 256 0
18 256 0
34 256 0
66 256 0
130 256 0
514 256 0
1026 256 0
2050 256 0
4098 256 0
8194 256 0
16386 256 0
32770 256 0
6 512 0
10 512 0
18 512 0
34 512 0
66 512 0
130 512 0
258 512 0
1026 512 0
2050 512 0
4098 512 0
8194 512 0
16386 512 0
32770 512 0
6 1024 0
10 1024 0
18 1024 0
34 1024 0
66 1024 0
130 1024 0
258 1024 0
514 1024 0
2050 1024 0
4098 1024 0
8194 1024 0
16386 1024 0
32770 1024 0
6 2048 0
10 2048 0
18 2048 0
34 2048 0
66 2048 0
130 2048 0
258 2048 0
514 2048 0
1026 2048 0
4098 2048 0
8194 2048 0
16386 2048 0
32770 2048 0
6 4096 0
10 4096 0
18 4096 0
34 4096 0
66 4096 0
130 4096 0
258 4096 0
514 4096 0
1026 4096 0
2050 4096 0
8194 4096 0
16386 4096 0
32770 4096 0
6 8192 0
10 8192 0
18 8192 0
34 8192 0
66 8192 0
130 8192 0
258 8192 0
514 8192 0
1026 8192 0
2050 8192 0
4098 8192 0
16386 8192 0
32770 8192 0
6 16384 0
10 16384 0
18 16384 0
34 16384 0
66 16384 0
130 16384 0
258 16384 0
514 16384 0
1026 16384 0
2050 16384 0
4098 16384 0
8194 16384 0
32770 16384 0
6 32768 0
10 32768 0
18 32768 0
34 32768 0
66 32768 0
130 32768 0
258 32768 0
514 32768 0
1026 32768 0
2050 32768 0
4098 32768 0
8194 32768 0
16386 32768 0
12 1 0
20 1 0
36 1 0
68 1 0
132 1 0
260 1 0
516 1 0
1028 1 0
2052 1 0
4100 1 0
8196 1 0
16388 1 0
32772 1 0
12 2 0
20 2 0
36 2 0
68 2 0
132 2 0
260 2 0
516 2 0
1028 2 0
2052 2 0
4100 2 0
8196 2 0
16388 2 0
32772 2 0
20 8 0
36 8 0
68 8 0
132 8 0
260 8 0
516 8 0
1028 8 0
2052 8 0
4100 8 0
8196 8 0
16388 8 0
32772 8 0
12 16 0
36 16 0
68 16 0
132 16 0
260 16 0
516 16 0
1028 16 0
2052 16 0
4100 16 0
8196 16 0
16388 16 0
32772 16 0
12 32 0
20 32 0
68 32 0
132 32 0
260 32 0
516 32 0
1028 32 0
2052 32 0
4100 32 0
8196 32 0
16388 32 0
32772 32 0
12 64 0
20 64 0
36 64 0
132 64 0
260 64 0
516 64 0
1028 64 0
2052 64 0
4100 64 0
8196 64 0
16388 64 0
32772 64 0
12 128 0
20 128 0
36 128 0
68 128 0
260 128 0
516 128 0
1028 128 0
2052 128 0
4100 128 0
8196 128 0
16388 128 0
32772 128 0
12 256 0
20 256 0
36 256 0
68 256 0
132 256 0
516 256 0
1028 256 0
2052 256 0
4100 256 0
8196 256 0
16388 256 0
32772 256 0
12 512 0
20 512 0
36 512 0
68 512 0
132 512 0
260 512 0
1028 512 0
2052 512 0
4100 512 0
8196 512 0
16388 512 0
32772 512 0
12 1024 0
20 1024 0
36 1024 0
68 1024 0
132 1024 0
260 1024 0
516 1024 0
2052 1024 0
4100 1024 0
8196 1024 0
16388 1024 0
32772 1024 0
12 2048 0
20 2048 0
36 2048 0
68 2048 0
132 2048 0
260 2048 0
516 2048 0
1028 2048 0
4100 2048 0
8196 2048 0
16388 2048 0
32772 2048 0
12 4096 0
20 4096 0
36 4096 0
68 4096 0
132 4096 0
260 4096 0
516 4096 0
1028 4096 0
2052 4096 0
8196 4096 0
16388 4096 0
32772 4096 0
12 8192 0
20 8192 0
36 8192 0
68 8192 0
132 8192 0
260 8192 0
516 8192 0
1028 8192 0
2052 8192 0
4100 8192 0
16388 8192 0
32772 8192 0
12 16384 0
20 16384 0
36 16384 0
68 16384 0
132 16384 0
260 16384 0
516 16384 0
1028 16384 0
2052 16384 0
4100 16384 0
8196 16384 0
32772 16384 0
12 32768 0
20 32768 0
36 32768 0
68 32768 0
132 32768 0
260 32768 0
516 32768 0
1028 32768 0
2052 32768 0
4100 32768 0
8196 32768 0
16388 32768 0
24 1 0
40 1 0
72 1 0
136 1 0
264 1 0
520 1 0
1032 1 0
2056 1 0
4104 1 0
8200 1 0
16392 1 0
32776 1 0
24 2 0
40 2 0
72 2 0
136 2 0
264 2 0
520 2 0
1032 2 0
2056 2 0
4104 2 0
8200 2 0
16392 2 0
32776 2 0
24 4 0
40 4 0
72 4 0
136 4 0
264 4 0
520 4 0
1032 4 0
2056 4 0
4104 4 0
8200 4 0
16392 4 0
32776 4 0
40 16 0
72 16 0
136 16 0
264 16 0
520 16 0
1032 16 0
2056 16 0
4104 16 0
8200 16 0
16392 16 0
32776 16 0
24 32 0
72 32 0
136 32 0
264 32 0
520 32 0
1032 32 0
2056 32 0
4104 32 0
8200 32 0
16392 32 0
32776 32 0
24 64 0
40 64 0
136 64 0
264 64 0
520 64 0
1032 64 0
2056 64 0
4104 64 0
8200 64 0
16392 64 0
32776 64 0
24 128 0
40 128 0
72 128 0
264 128 0
520 128 0
1032 128 0
2056 128 0
4104 128 0
8200 128 0
16392 128 0
32776 128 0
24 256 0
40 256 0
72 256 0
136 256 0
520 256 0
1032 256 0
2056 256 0
4104 256 0
8200 256 0
16392 256 0
32776 256 0
24 512 0
40 512 0
72 512 0
136 512 0
264 512 0
1032 512 0
2056 512 0
4104 512 0
8200 512 0
16392 512 0
32776 512 0
24 1024 0
40 1024 0
72 1024 0
136 1024 0
264 1024 0
520 1024 0
2056 1024 0
4104 1024 0
8200 1024 0
16392 1024 0
32776 1024 0
24 2048 0
40 2048 0
72 2048 0
136 2048 0
264 2048 0
520 2048 0
1032 2048 0
4104 2048 0
8200 2048 0
16392 2048 0
32776 2048 0
24 4096 0
40 4096 0
72 4096 0
136 4096 0
264 4096 0
520 4096 0
1032 4096 0
2056 4096 0
8200 4096 0
16392 4096 0
32776 4096 0
24 8192 0
40 8192 0
72 8192 0
136 8192 0
264 8192 0
520 8192 0
1032 8192 0
2056 8192 0
4104 8192 0
16392 8192 0
32776 8192 0
24 16384 0
40 16384 0
72 16384 0
136 16384 0
264 16384 0
520 16384 0
1032 16384 0
2056 16384 0
4104 16384 0
8200 16384 0
32776 16384 0
24 32768 0
40 32768 0
72 32768 0
136 32768 0
264 32768 0
520 32768 0
1032 32768 0
2056 32768 0
4104 32768 0
8200 32768 0
16392 32768 0
48 1 0
80 1 0
144 1 0
272 1 0
528 1 0
1040 1 0
2064 1 0
4112 1 0
8208 1 0
16400 1 0
32784 1 0
48 2 0
80 2 0
144 2 0
272 2 0
528 2 0
1040 2 0
2064 2 0
4112 2 0
8208 2 0
16400 2 0
32784 2 0
48 4 0
80 4 0
144 4 0
272 4 0
528 4 0
1040 4 0
2064 4 0
4112 4 0
8208 4 0
16400 4 0
32784 4 0
48 8 0
80 8 0
144 8 0
272 8 0
528 8 0
1040 8 0
2064 8 0
4112 8 0
8208 8 0
16400 8 0
32784 8 0
80 32 0
144 32 0
272 32 0
528 32 0
1040 32 0
2064 32 0
4112 32 0
8208 32 0
16400 32 0
32784 32 0
48 64 0
144 64 0
272 64 0
528 64 0
1040 64 0
2064 64 0
4112 64 0
8208 64 0
16400 64 0
32784 64 0
48 128 0
80 128 0
272 128 0
528 128 0
1040 128 0
2064 128 0
4112 128 0
8208 128 0
16400 128 0
32784 128 0
48 256 0
80 256 0
144 256 0
528 256 0
1040 256 0
2064 256 0
4112 256 0
8208 256 0
16400 256 0
32784 256 0
48 512 0
80 512 0
144 512 0
272 512 0
1040 512 0
2064 512 0
4112 512 0
8208 512 0
16400 512 0
32784 512 0
48 1024 0
80 1024 0
144 1024 0
272 1024 0
528 1024 0
2064 1024 0
4112 1024 0
8208 1024 0
16400 1024 0
32784 1024 0
48 2048 0
80 2048 0
144 2048 0
272 2048 0
528 2048 0
1040 2048 0
4112 2048 0
8208 2048 0
16400 2048 0
32784 2048 0
48 4096 0
80 4096 0
144 4096 0
272 4096 0
528 4096 0
1040 4096 0
2064 4096 0
8208 4096 0
16400 4096 0
32784 4096 0
48 8192 0
80 8192 0
144 8192 0
272 8192 0
528 8192 0
1040 8192 0
2064 8192 0
4112 8192 0
16400 8192 0
32784 8192 0
48 16384 0
80 16384 0
144 16384 0
272 16384 0
528 16384 0
1040 16384 0
2064 16384 0
4112 16384 0
8208 16384 0
32784 16384 0
48 32768 0
80 32768 0
144 32768 0
272 32768 0
528 32768 0
1040 32768 0
2064 32768 0
4112 32768 0
8208 32768 0
16400 32768 0
96 1 0
160 1 0
288 1 0
544 1 0
1056 1 0
2080 1 0
4128 1 0
8224 1 0
16416 1 0
32800 1 0
96 2 0
160 2 0
288 2 0
544 2 0
1056 2 0
2080 2 0
4128 2 0
8224 2 0
16416 2 0
32800 2 0
96 4 0
160 4 0
288 4 0
544 4 0
1056 4 0
2080 4 0
4128 4 0
8224 4 0
16416 4 0
32800 4 0
96 8 0
160 8 0
288 8 0
544 8 0
1056 8 0
2080 8 0
4128 8 0
8224 8 0
16416 8 0
32800 8 0
96 16 0
160 16 0
288 16 0
544 16 0
1056 16 0
2080 16 0
4128 16 0
8224 16 0
16416 16 0
32800 16 0
160 64 0
288 64 0
544 64 0
1056 64 0
2080 64 0
4128 64 0
8224 64 0
16416 64 0
32800 64 0
96 128 0
288 128 0
544 128 0
1056 128 0
2080 128 0
4128 128 0
8224 128 0
16416 128 0
32800 128 0
96 256 0
160 256 0
544 256 0
1056 256 0
2080 256 0
4128 256 0
8224 256 0
16416 256 0
32800 256 0
96 512 0
160 512 0
288 512 0
1056 512 0
2080 512 0
4128 512 0
8224 512 0
16416 512 0
32800 512 0
96 1024 0
160 1024 0
288 1024 0
544 1024 0
2080 1024 0
4128 1024 0
8224 1024 0
16416 1024 0
32800 1024 0
96 2048 0
160 2048 0
288 2048 0
544 2048 0
1056 2048 0
4128 2048 0
8224 2048 0
16416 2048 0
32800 2048 0
96 4096 0
160 4096 0
288 4096 0
544 4096 0
1056 4096 0
2080 4096 0
8224 4096 0
16416 4096 0
32800 4096 0
96 8192 0
160 8192 0
288 8192 0
544 8192 0
1056 8192 0
2080 8192 0
4128 8192 0
16416 8192 0
32800 8192 0
96 16384 0
160 16384 0
288 16384 0
544 16384 0
1056 16384 0
2080 16384 0
4128 16384 0
8224 16384 0
32800 16384 0
96 32768 0
160 32768 0
288 32768 0
544 32768 0
1056 32768 0
2080 32768 0
4128 32768 0
8224 32768 0
16416 32768 0
192 1 0
320 1 0
576 1 0
1088 1 0
2112 1 0
4160 1 0
8256 1 0
16448 1 0
32832 1 0
192 2 0
320 2 0
576 2 0
1088 2 0
2112 2 0
4160 2 0
8256 2 0
16448 2 0
32832 2 0
192 4 0
320 4 0
576 4 0
1088 4 0
2112 4 0
4160 4 0
8256 4 0
16448 4 0
32832 4 0
192 8 0
320 8 0
576 8 0
1088 8 0
2112 8 0
4160 8 0
8256 8 0
16448 8 0
32832 8 0
192 16 0
320 16 0
576 16 0
1088 16 0
2112 16 0
4160 16 0
8256 16 0
16448 16 0
32832 16 0
192 32 0
320 32 0
576 32 0
1088 32 0
2112 32 0
4160 32 0
8256 32 0
16448 32 0
32832 32 0
320 128 0
576 128 0
1088 128 0
2112 128 0
4160 128 0
8256 128 0
16448 128 0
32832 128 0
192 256 0
576 256 0
1088 256 0
2112 256 0
4160 256 0
8256 256 0
16448 256 0
32832 256 0
192 512 0
320 512 0
1088 512 0
2112 512 0
4160 512 0
8256 512 0
16448 512 0
32832 512 0
192 1024 0
320 1024 0
576 1024 0
2112 1024 0
4160 1024 0
8256 1024 0
16448 1024 0
32832 1024 0
192 2048 0
320 2048 0
576 2048 0
1088 2048 0
4160 2048 0
8256 2048 0
16448 2048 0
32832 2048 0
192 4096 0
320 4096 0
576 4096 0
1088 4096 0
2112 4096 0
8256 4096 0
16448 4096 0
32832 4096 0
192 8192 0
320 8192 0
576 8192 0
1088 8192 0
2112 8192 0
4160 8192 0
16448 8192 0
32832 8192 0
192 16384 0
320 16384 0
576 16384 0
1088 16384 0
2112 16384 0
4160 16384 0
8256 16384 0
32832 16384 0
192 32768 0
320 32768 0
576 32768 0
1088 32768 0
2112 32768 0
4160 32768 0
8256 32768 0
16448 32768 0
384 1 0
640 1 0
1152 1 0
2176 1 0
4224 1 0
8320 1 0
16512 1 0
32896 1 0
384 2 0
640 2 0
1152 2 0
2176 2 0
4224 2 0
8320 2 0
16512 2 0
32896 2 0
384 4 0
640 4 0
1152 4 0
2176 4 0
4224 4 0
8320 4 0
16512 4 0
32896 4 0
384 8 0
640 8 0
1152 8 0
2176 8 0
4224 8 0
8320 8 0
16512 8 0
32896 8 0
384 16 0
640 16 0
1152 16 0
2176 16 0
4224 16 0
8320 16 0
16512 16 0
32896 16 0
384 32 0
640 32 0
1152 32 0
2176 32 0
4224 32 0
8320 32 0
16512 32 0
32896 32 0
384 64 0
640 64 0
1152 64 0
2176 64 0
4224 64 0
8320 64 0
16512 64 0
32896 64 0
640 256 0
1152 256 0
2176 256 0
4224 256 0
8320 256 0
16512 256 0
32896 256 0
384 512 0
1152 512 0
2176 512 0
4224 512 0
8320 512 0
16512 512 0
32896 512 0
384 1024 0
640 1024 0
2176 1024 0
4224 1024 0
8320 1024 0
16512 1024 0
32896 1024 0
384 2048 0
640 2048 0
1152 2048 0
4224 2048 0
8320 2048 0
16512 2048 0
32896 2048 0
384 4096 0
640 4096 0
1152 4096 0
2176 4096 0
8320 4096 0
16512 4096 0
32896 4096 0
384 8192 0
640 8192 0
1152 8192 0
2176 8192 0
4224 8192 0
16512 8192 0
32896 8192 0
384 16384 0
640 16384 0
1152 16384 0
2176 16384 0
4224 16384 0
8320 16384 0
32896 16384 0
384 32768 0
640 32768 0
1152 32768 0
2176 32768 0
4224 32768 0
8320 32768 0
16512 32768 0
768 1 0
1280 1 0
2304 1 0
4352 1 0
8448 1 0
16640 1 0
33024 1 0
768 2 0
1280 2 0
2304 2 0
4352 2 0
8448 2 0
16640 2 0
33024 2 0
768 4 0
1280 4 0
2304 4 0
4352 4 0
8448 4 0
16640 4 0
33024 4 0
768 8 0
1280 8 0
2304 8 0
4352 8 0
8448 8 0
16640 8 0
33024 8 0
768 16 0
1280 16 0
2304 16 0
4352 16 0
8448 16 0
16640 16 0
33024 16 0
768 32 0
1280 32 0
2304 32 0
4352 32 0
8448 32 0
16640 32 0
33024 32 0
768 64 0
1280 64 0
2304 64 0
4352 64 0
8448 64 0
16640 64 0
33024 64 0
768 128 0
1280 128 0
2304 128 0
4352 128 0
8448 128 0
16640 128 0
33024 128 0
1280 512 0
2304 512 0
4352 512 0
8448 512 0
16640 512 0
33024 512 0
768 1024 0
2304 1024 0
4352 1024 0
8448 1024 0
16640 1024 0
33024 1024 0
768 2048 0
1280 2048 0
4352 2048 0
8448 2048 0
16640 2048 0
33024 2048 0
768 4096 0
1280 4096 0
2304 4096 0
8448 4096 0
16640 4096 0
33024 4096 0
768 8192 0
1280 8192 0
2304 8192 0
4352 8192 0
16640 8192 0
33024 8192 0
768 16384 0
1280 16384 0
2304 16384 0
4352 16384 0
8448 16384 0
33024 16384 0
768 32768 0
1280 32768 0
2304 32768 0
4352 32768 0
8448 32768 0
16640 32768 0
1536 1 0
2560 1 0
4608 1 0
8704 1 0
16896 1 0
33280 1 0
1536 2 0
2560 2 0
4608 2 0
8704 2 0
16896 2 0
33280 2 0
1536 4 0
2560 4 0
4608 4 0
8704 4 0
16896 4 0
33280 4 0
1536 8 0
2560 8 0
4608 8 0
8704 8 0
16896 8 0
33280 8 0
1536 16 0
2560 16 0
4608 16 0
8704 16 0
16896 16 0
33280 16 0
1536 32 0
2560 32 0
4608 32 0
8704 32 0
16896 32 0
33280 32 0
1536 64 0
2560 64 0
4608 64 0
8704 64 0
16896 64 0
33280 64 0
1536 128 0
2560 128 0
4608 128 0
8704 128 0
16896 128 0
33280 128 0
1536 256 0
2560 256 0
4608 256 0
8704 256 0
16896 256 0
33280 256 0
2560 1024 0
4608 1024 0
8704 1024 0
16896 1024 0
33280 1024 0
1536 2048 0
4608 2048 0
8704 2048 0
16896 2048 0
33280 2048 0
1536 4096 0
2560 4096 0
8704 4096 0
16896 4096 0
33280 4096 0
1536 8192 0
2560 8192 0
4608 8192 0
16896 8192 0
33280 8192 0
1536 16384 0
2560 16384 0
4608 16384 0
8704 16384 0
33280 16384 0
1536 32768 0
2560 32768 0
4608 32768 0
8704 32768 0
16896 32768 0
3072 1 0
5120 1 0
9216 1 0
17408 1 0
33792 1 0
3072 2 0
5120 2 0
9216 2 0
17408 2 0
33792 2 0
3072 4 0
5120 4 0
9216 4 0
17408 4 0
33792 4 0
3072 8 0
5120 8 0
9216 8 0
17408 8 0
33792 8 0
3072 16 0
5120 16 0
9216 16 0
17408 16 0
33792 16 0
3072 32 0
5120 32 0
9216 32 0
17408 32 0
33792 32 0
3072 64 0
5120 64 0
9216 64 0
17408 64 0
33792 64 0
3072 128 0
5120 128 0
9216 128 0
17408 128 0
33792 128 0
3072 256 0
5120 256 0
9216 256 0
17408 256 0
33792 256 0
3072 512 0
5120 512 0
9216 512 0
17408 512 0
33792 512 0
5120 2048 0
9216 2048 0
17408 2048 0
33792 2048 0
3072 4096 0
9216 4096 0
17408 4096 0
33792 4096 0
3072 8192 0
5120 8192 0
17408 8192 0
33792 8192 0
3072 16384 0
5120 16384 0
9216 16384 0
33792 16384 0
3072 32768 0
5120 32768 0
9216 32768 0
17408 32768 0
6144 1 0
10240 1 0
18432 1 0
34816 1 0
6144 2 0
10240 2 0
18432 2 0
34816 2 0
6144 4 0
10240 4 0
18432 4 0
34816 4 0
6144 8 0
10240 8 0
18432 8 0
34816 8 0
6144 16 0
10240 16 0
18432 16 0
34816 16 0
6144 32 0
10240 32 0
18432 32 0
34816 32 0
6144 64 0
10240 64 0
18432 64 0
34816 64 0
6144 128 0
10240 128 0
18432 128 0
34816 128 0
6144 256 0
10240 256 0
18432 256 0
34816 256 0
6144 512 0
10240 512 0
18432 512 0
34816 512 0
6144 1024 0
10240 1024 0
18432 1024 0
34816 1024 0
10240 4096 0
18432 4096 0
34816 4096 0
6144 8192 0
18432 8192 0
34816 8192 0
6144 16384 0
10240 16384 0
34816 16384 0
6144 32768 0
10240 32768 0
18432 32768 0
12288 1 0
20480 1 0
36864 1 0
12288 2 0
20480 2 0
36864 2 0
12288 4 0
20480 4 0
36864 4 0
12288 8 0
20480 8 0
36864 8 0
12288 16 0
20480 16 0
36864 16 0
12288 32 0
20480 32 0
36864 32 0
12288 64 0
20480 64 0
36864 64 0
12288 128 0
20480 128 0
36864 128 0
12288 256 0
20480 256 0
36864 256 0
12288 512 0
20480 512 0
36864 512 0
12288 1024 0
20480 1024 0
36864 1024 0
12288 2048 0
20480 2048 0
36864 2048 0
20480 8192 0
36864 8192 0
12288 16384 0
36864 16384 0
12288 32768 0
20480 32768 0
24576 1 0
40960 1 0
24576 2 0
40960 2 0
24576 4 0
40960 4 0
24576 8 0
40960 8 0
24576 16 0
40960 16 0
24576 32 0
40960 32 0
24576 64 0
40960 64 0
24576 128 0
40960 128 0
24576 256 0
40960 256 0
24576 512 0
40960 512 0
24576 1024 0
40960 1024 0
24576 2048 0
40960 2048 0
24576 4096 0
40960 4096 0
40960 16384 0
24576 32768 0
49152 1 0
49152 2 0
49152 4 0
49152 8 0
49152 16 0
49152 32 0
49152 64 0
49152 128 0
49152 256 0
49152 512 0
49152 1024 0
49152 2048 0
49152 4096 0
49152 8192 0
